1.339944355771547407e+03 -4.001776687800884247e-11
1.339894461254187718e+03 -4.092726157978177071e-11
1.339844566736828028e+03 -4.183675628155469894e-11
1.339794672219468339e+03 -4.274625098332762718e-11
1.339744777702108877e+03 -4.365574568510055542e-11
1.339694883184749187e+03 -4.456524038687348366e-11
1.339644988667389498e+03 -4.456524038687348366e-11
1.339595094150029809e+03 -4.456524038687348366e-11
1.339545199632670119e+03 -4.365574568510055542e-11
1.339495305115310430e+03 -4.274625098332762718e-11
1.339445410597950740e+03 -4.183675628155469894e-11
1.339395516080591051e+03 -4.092726157978177071e-11
1.339345621563231362e+03 -3.910827217623591423e-11
1.339295727045871672e+03 -3.728928277269005775e-11
1.339245832528511983e+03 -3.547029336914420128e-11
1.339195938011152521e+03 -3.456079866737127304e-11
1.339146043493792831e+03 -3.274180926382541656e-11
1.339096148976433142e+03 -3.001332515850663185e-11
1.339046254459073452e+03 -2.819433575496077538e-11
1.338996359941713763e+03 -2.546585164964199066e-11
1.338946465424354074e+03 -2.273736754432320595e-11
1.338896570906994384e+03 -2.000888343900442123e-11
1.338846676389634695e+03 -1.818989403545856476e-11
1.338796781872275005e+03 -1.546140993013978004e-11
1.338746887354915316e+03 -1.273292582482099533e-11
1.338696992837555626e+03 -1.182343112304806709e-11
1.338647098320196164e+03 -1.000444171950221062e-11
1.338597203802836475e+03 -8.185452315956354141e-12
1.338547309285476786e+03 -6.366462912410497665e-12
1.338497414768117096e+03 -5.456968210637569427e-12
1.338447520250757407e+03 -5.456968210637569427e-12
1.338397625733397717e+03 -5.456968210637569427e-12
1.338347731216038028e+03 -5.456968210637569427e-12
1.338297836698678339e+03 -5.456968210637569427e-12
1.338247942181318649e+03 -6.366462912410497665e-12
1.338198047663958960e+03 -7.275957614183425903e-12
1.338148153146599270e+03 -8.185452315956354141e-12
1.338098258629239808e+03 -8.185452315956354141e-12
1.338048364111880119e+03 -9.094947017729282379e-12
1.337998469594520429e+03 -1.000444171950221062e-11
1.337948575077160740e+03 -1.182343112304806709e-11
1.337898680559801051e+03 -1.273292582482099533e-11
1.337848786042441361e+03 -1.364242052659392357e-11
1.337798891525081672e+03 -1.364242052659392357e-11
1.337748997007721982e+03 -1.364242052659392357e-11
1.337699102490362293e+03 -1.364242052659392357e-11
1.337649207973002603e+03 -1.364242052659392357e-11
1.337599313455642914e+03 -1.364242052659392357e-11
1.337549418938283452e+03 -1.273292582482099533e-11
1.337499524420923763e+03 -1.182343112304806709e-11
1.337449629903564073e+03 -1.000444171950221062e-11
1.337399735386204384e+03 -8.185452315956354141e-12
1.337349840868844694e+03 -6.366462912410497665e-12
1.337299946351485005e+03 -4.547473508864641190e-12
1.337250051834125316e+03 -2.728484105318784714e-12
1.337200157316765626e+03 0.000000000000000000e+00
1.337150262799405937e+03 2.728484105318784714e-12
1.337100368282046247e+03 4.547473508864641190e-12
1.337050473764686558e+03 7.275957614183425903e-12
1.337000579247327096e+03 9.094947017729282379e-12
1.336950684729967406e+03 1.091393642127513885e-11
1.336900790212607717e+03 1.182343112304806709e-11
1.336850895695248028e+03 1.364242052659392357e-11
1.336801001177888338e+03 1.455191522836685181e-11
1.336751106660528649e+03 1.637090463191270828e-11
1.336701212143168959e+03 1.728039933368563652e-11
1.336651317625809270e+03 1.728039933368563652e-11
1.336601423108449580e+03 1.728039933368563652e-11
1.336551528591089891e+03 1.728039933368563652e-11
1.336501634073730202e+03 1.728039933368563652e-11
1.336451739556370740e+03 1.728039933368563652e-11
1.336401845039011050e+03 1.637090463191270828e-11
1.336351950521651361e+03 1.546140993013978004e-11
1.336302056004291671e+03 1.455191522836685181e-11
1.336252161486931982e+03 1.455191522836685181e-11
1.336202266969572293e+03 1.364242052659392357e-11
1.336152372452212603e+03 1.364242052659392357e-11
1.336102477934852914e+03 1.364242052659392357e-11
1.336052583417493224e+03 1.455191522836685181e-11
1.336002688900133535e+03 1.455191522836685181e-11
1.335952794382773845e+03 1.546140993013978004e-11
1.335902899865414383e+03 1.637090463191270828e-11
1.335853005348054694e+03 1.728039933368563652e-11
1.335803110830695005e+03 1.818989403545856476e-11
1.335753216313335315e+03 2.000888343900442123e-11
1.335703321795975626e+03 2.182787284255027771e-11
1.335653427278615936e+03 2.455635694786906242e-11
1.335603532761256247e+03 2.637534635141491890e-11
1.335553638243896557e+03 2.910383045673370361e-11
1.335503743726536868e+03 3.092281986027956009e-11
1.335453849209177179e+03 3.365130396559834480e-11
1.335403954691817717e+03 3.547029336914420128e-11
1.335354060174458027e+03 3.728928277269005775e-11
1.335304165657098338e+03 3.819877747446298599e-11
1.335254271139738648e+03 3.910827217623591423e-11
1.335204376622378959e+03 4.092726157978177071e-11
1.335154482105019270e+03 4.183675628155469894e-11
1.335104587587659580e+03 4.274625098332762718e-11
1.335054693070299891e+03 4.365574568510055542e-11
1.335004798552940201e+03 4.365574568510055542e-11
1.334954904035580512e+03 4.365574568510055542e-11
1.334905009518220822e+03 4.274625098332762718e-11
1.334855115000861360e+03 4.183675628155469894e-11
1.334805220483501671e+03 4.001776687800884247e-11
1.334755325966141982e+03 3.910827217623591423e-11
1.334705431448782292e+03 3.728928277269005775e-11
1.334655536931422603e+03 3.456079866737127304e-11
1.334605642414062913e+03 3.274180926382541656e-11
1.334555747896703224e+03 3.092281986027956009e-11
1.334505853379343534e+03 2.819433575496077538e-11
1.334455958861983845e+03 2.546585164964199066e-11
1.334406064344624156e+03 2.273736754432320595e-11
1.334356169827264466e+03 2.091837814077734947e-11
1.334306275309905004e+03 1.909938873723149300e-11
1.334256380792545315e+03 1.728039933368563652e-11
1.334206486275185625e+03 1.546140993013978004e-11
1.334156591757825936e+03 1.455191522836685181e-11
1.334106697240466247e+03 1.273292582482099533e-11
1.334056802723106557e+03 1.182343112304806709e-11
1.334006908205746868e+03 1.091393642127513885e-11
1.333957013688387178e+03 1.000444171950221062e-11
1.333907119171027489e+03 1.000444171950221062e-11
1.333857224653667799e+03 1.091393642127513885e-11
1.333807330136308110e+03 1.182343112304806709e-11
1.333757435618948648e+03 1.273292582482099533e-11
1.333707541101588959e+03 1.364242052659392357e-11
1.333657646584229269e+03 1.455191522836685181e-11
1.333607752066869580e+03 1.637090463191270828e-11
1.333557857549509890e+03 1.728039933368563652e-11
1.333507963032150201e+03 1.909938873723149300e-11
1.333458068514790511e+03 2.091837814077734947e-11
1.333408173997430822e+03 2.182787284255027771e-11
1.333358279480071133e+03 2.273736754432320595e-11
1.333308384962711443e+03 2.364686224609613419e-11
1.333258490445351754e+03 2.455635694786906242e-11
1.333208595927992292e+03 2.455635694786906242e-11
1.333158701410632602e+03 2.455635694786906242e-11
1.333108806893272913e+03 2.455635694786906242e-11
1.333058912375913224e+03 2.455635694786906242e-11
1.333009017858553534e+03 2.273736754432320595e-11
1.332959123341193845e+03 2.091837814077734947e-11
1.332909228823834155e+03 1.909938873723149300e-11
1.332859334306474466e+03 1.728039933368563652e-11
1.332809439789114776e+03 1.455191522836685181e-11
1.332759545271755087e+03 1.182343112304806709e-11
1.332709650754395398e+03 9.094947017729282379e-12
1.332659756237035936e+03 6.366462912410497665e-12
1.332609861719676246e+03 3.637978807091712952e-12
1.332559967202316557e+03 9.094947017729282379e-13
1.332510072684956867e+03 -9.094947017729282379e-13
1.332460178167597178e+03 -2.728484105318784714e-12
1.332410283650237488e+03 -4.547473508864641190e-12
1.332360389132877799e+03 -5.456968210637569427e-12
1.332310494615518110e+03 -6.366462912410497665e-12
1.332260600098158420e+03 -8.185452315956354141e-12
1.332210705580798731e+03 -8.185452315956354141e-12
1.332160811063439041e+03 -8.185452315956354141e-12
1.332110916546079579e+03 -7.275957614183425903e-12
1.332061022028719890e+03 -5.456968210637569427e-12
1.332011127511360201e+03 -5.456968210637569427e-12
1.331961232994000511e+03 -3.637978807091712952e-12
1.331911338476640822e+03 -2.728484105318784714e-12
1.331861443959281132e+03 -9.094947017729282379e-13
1.331811549441921443e+03 1.818989403545856476e-12
1.331761654924561753e+03 3.637978807091712952e-12
1.331711760407202064e+03 5.456968210637569427e-12
1.331661865889842375e+03 7.275957614183425903e-12
1.331611971372482685e+03 9.094947017729282379e-12
1.331562076855123223e+03 1.091393642127513885e-11
1.331512182337763534e+03 1.182343112304806709e-11
1.331462287820403844e+03 1.182343112304806709e-11
1.331412393303044155e+03 1.182343112304806709e-11
1.331362498785684465e+03 1.182343112304806709e-11
1.331312604268324776e+03 1.182343112304806709e-11
1.331262709750965087e+03 1.182343112304806709e-11
1.331212815233605397e+03 1.091393642127513885e-11
1.331162920716245708e+03 9.094947017729282379e-12
1.331113026198886018e+03 8.185452315956354141e-12
1.331063131681526329e+03 6.366462912410497665e-12
1.331013237164166867e+03 3.637978807091712952e-12
1.330963342646807178e+03 1.818989403545856476e-12
1.330913448129447488e+03 0.000000000000000000e+00
1.330863553612087799e+03 -2.728484105318784714e-12
1.330813659094728109e+03 -4.547473508864641190e-12
1.330763764577368420e+03 -7.275957614183425903e-12
1.330713870060008730e+03 -8.185452315956354141e-12
1.330663975542649041e+03 -1.000444171950221062e-11
1.330614081025289352e+03 -1.000444171950221062e-11
1.330564186507929662e+03 -1.000444171950221062e-11
1.330514291990569973e+03 -1.000444171950221062e-11
1.330464397473210511e+03 -1.000444171950221062e-11
1.330414502955850821e+03 -1.000444171950221062e-11
1.330364608438491132e+03 -8.185452315956354141e-12
1.330314713921131442e+03 -8.185452315956354141e-12
1.330264819403771753e+03 -6.366462912410497665e-12
1.330214924886412064e+03 -5.456968210637569427e-12
1.330165030369052374e+03 -3.637978807091712952e-12
1.330115135851692685e+03 -9.094947017729282379e-13
1.330065241334332995e+03 1.818989403545856476e-12
1.330015346816973306e+03 3.637978807091712952e-12
1.329965452299613617e+03 4.547473508864641190e-12
1.329915557782254155e+03 6.366462912410497665e-12
1.329865663264894465e+03 7.275957614183425903e-12
1.329815768747534776e+03 9.094947017729282379e-12
1.329765874230175086e+03 9.094947017729282379e-12
1.329715979712815397e+03 1.000444171950221062e-11
1.329666085195455707e+03 1.000444171950221062e-11
1.329616190678096018e+03 9.094947017729282379e-12
1.329566296160736329e+03 9.094947017729282379e-12
1.329516401643376639e+03 8.185452315956354141e-12
1.329466507126016950e+03 7.275957614183425903e-12
1.329416612608657488e+03 5.456968210637569427e-12
1.329366718091297798e+03 2.728484105318784714e-12
1.329316823573938109e+03 9.094947017729282379e-13
1.329266929056578419e+03 -1.818989403545856476e-12
1.329217034539218730e+03 -4.547473508864641190e-12
1.329167140021859041e+03 -7.275957614183425903e-12
1.329117245504499351e+03 -1.000444171950221062e-11
1.329067350987139662e+03 -1.273292582482099533e-11
1.329017456469779972e+03 -1.637090463191270828e-11
1.328967561952420283e+03 -1.909938873723149300e-11
1.328917667435060594e+03 -2.091837814077734947e-11
1.328867772917701132e+03 -2.273736754432320595e-11
1.328817878400341442e+03 -2.273736754432320595e-11
1.328767983882981753e+03 -2.455635694786906242e-11
1.328718089365622063e+03 -2.455635694786906242e-11
1.328668194848262374e+03 -2.455635694786906242e-11
1.328618300330902684e+03 -2.364686224609613419e-11
1.328568405813542995e+03 -2.273736754432320595e-11
1.328518511296183306e+03 -2.091837814077734947e-11
1.328468616778823616e+03 -1.818989403545856476e-11
1.328418722261463927e+03 -1.546140993013978004e-11
1.328368827744104237e+03 -1.273292582482099533e-11
1.328318933226744775e+03 -1.000444171950221062e-11
1.328269038709385086e+03 -6.366462912410497665e-12
1.328219144192025396e+03 -2.728484105318784714e-12
1.328169249674665707e+03 0.000000000000000000e+00
1.328119355157306018e+03 3.637978807091712952e-12
1.328069460639946328e+03 7.275957614183425903e-12
1.328019566122586639e+03 9.094947017729282379e-12
1.327969671605226949e+03 1.182343112304806709e-11
1.327919777087867260e+03 1.455191522836685181e-11
1.327869882570507571e+03 1.728039933368563652e-11
1.327819988053147881e+03 1.909938873723149300e-11
1.327770093535788419e+03 2.000888343900442123e-11
1.327720199018428730e+03 2.091837814077734947e-11
1.327670304501069040e+03 2.182787284255027771e-11
1.327620409983709351e+03 2.091837814077734947e-11
1.327570515466349661e+03 1.909938873723149300e-11
1.327520620948989972e+03 1.818989403545856476e-11
1.327470726431630283e+03 1.637090463191270828e-11
1.327420831914270593e+03 1.364242052659392357e-11
1.327370937396910904e+03 1.091393642127513885e-11
1.327321042879551214e+03 7.275957614183425903e-12
1.327271148362191525e+03 3.637978807091712952e-12
1.327221253844832063e+03 0.000000000000000000e+00
1.327171359327472373e+03 -4.547473508864641190e-12
1.327121464810112684e+03 -7.275957614183425903e-12
1.327071570292752995e+03 -1.000444171950221062e-11
1.327021675775393305e+03 -1.273292582482099533e-11
1.326971781258033616e+03 -1.546140993013978004e-11
1.326921886740673926e+03 -1.728039933368563652e-11
1.326871992223314237e+03 -1.818989403545856476e-11
1.326822097705954548e+03 -1.909938873723149300e-11
1.326772203188594858e+03 -2.000888343900442123e-11
1.326722308671235169e+03 -2.000888343900442123e-11
1.326672414153875707e+03 -1.909938873723149300e-11
1.326622519636516017e+03 -1.818989403545856476e-11
1.326572625119156328e+03 -1.818989403545856476e-11
1.326522730601796638e+03 -1.818989403545856476e-11
1.326472836084436949e+03 -1.728039933368563652e-11
1.326422941567077260e+03 -1.546140993013978004e-11
1.326373047049717570e+03 -1.364242052659392357e-11
1.326323152532357881e+03 -1.273292582482099533e-11
1.326273258014998191e+03 -1.182343112304806709e-11
1.326223363497638502e+03 -1.091393642127513885e-11
1.326173468980278813e+03 -1.091393642127513885e-11
1.326123574462919350e+03 -1.182343112304806709e-11
1.326073679945559661e+03 -1.273292582482099533e-11
1.326023785428199972e+03 -1.364242052659392357e-11
1.325973890910840282e+03 -1.455191522836685181e-11
1.325923996393480593e+03 -1.546140993013978004e-11
1.325874101876120903e+03 -1.637090463191270828e-11
1.325824207358761214e+03 -1.818989403545856476e-11
1.325774312841401525e+03 -2.000888343900442123e-11
1.325724418324041835e+03 -2.182787284255027771e-11
1.325674523806682146e+03 -2.364686224609613419e-11
1.325624629289322456e+03 -2.637534635141491890e-11
1.325574734771962994e+03 -2.819433575496077538e-11
1.325524840254603305e+03 -3.001332515850663185e-11
1.325474945737243615e+03 -3.092281986027956009e-11
1.325425051219883926e+03 -3.274180926382541656e-11
1.325375156702524237e+03 -3.274180926382541656e-11
1.325325262185164547e+03 -3.274180926382541656e-11
1.325275367667804858e+03 -3.274180926382541656e-11
1.325225473150445168e+03 -3.183231456205248833e-11
1.325175578633085479e+03 -3.001332515850663185e-11
1.325125684115725790e+03 -2.819433575496077538e-11
1.325075789598366100e+03 -2.546585164964199066e-11
1.325025895081006638e+03 -2.091837814077734947e-11
1.324976000563646949e+03 -1.728039933368563652e-11
1.324926106046287259e+03 -1.273292582482099533e-11
1.324876211528927570e+03 -8.185452315956354141e-12
1.324826317011567880e+03 -2.728484105318784714e-12
1.324776422494208191e+03 2.728484105318784714e-12
1.324726527976848502e+03 8.185452315956354141e-12
1.324676633459488812e+03 1.455191522836685181e-11
1.324626738942129123e+03 1.909938873723149300e-11
1.324576844424769433e+03 2.455635694786906242e-11
1.324526949907409744e+03 2.910383045673370361e-11
1.324477055390050282e+03 3.456079866737127304e-11
1.324427160872690592e+03 3.728928277269005775e-11
1.324377266355330903e+03 4.001776687800884247e-11
1.324327371837971214e+03 4.183675628155469894e-11
1.324277477320611524e+03 4.365574568510055542e-11
1.324227582803251835e+03 4.456524038687348366e-11
1.324177688285892145e+03 4.365574568510055542e-11
1.324127793768532456e+03 4.183675628155469894e-11
1.324077899251172767e+03 3.910827217623591423e-11
1.324028004733813077e+03 3.728928277269005775e-11
1.323978110216453388e+03 3.365130396559834480e-11
1.323928215699093926e+03 2.910383045673370361e-11
1.323878321181734236e+03 2.455635694786906242e-11
1.323828426664374547e+03 1.818989403545856476e-11
1.323778532147014857e+03 1.091393642127513885e-11
1.323728637629655168e+03 4.547473508864641190e-12
1.323678743112295479e+03 -2.728484105318784714e-12
1.323628848594935789e+03 -1.000444171950221062e-11
1.323578954077576100e+03 -1.818989403545856476e-11
1.323529059560216410e+03 -2.364686224609613419e-11
1.323479165042856721e+03 -3.001332515850663185e-11
1.323429270525497259e+03 -3.547029336914420128e-11
1.323379376008137569e+03 -4.092726157978177071e-11
1.323329481490777880e+03 -4.547473508864641190e-11
1.323279586973418191e+03 -5.002220859751105309e-11
1.323229692456058501e+03 -5.275069270282983780e-11
1.323179797938698812e+03 -5.547917680814862251e-11
1.323129903421339122e+03 -5.638867150992155075e-11
1.323080008903979433e+03 -5.729816621169447899e-11
1.323030114386619744e+03 -5.729816621169447899e-11
1.322980219869260054e+03 -5.638867150992155075e-11
1.322930325351900365e+03 -5.456968210637569427e-11
1.322880430834540903e+03 -5.184119800105690956e-11
1.322830536317181213e+03 -4.911271389573812485e-11
1.322780641799821524e+03 -4.547473508864641190e-11
1.322730747282461834e+03 -4.274625098332762718e-11
1.322680852765102145e+03 -3.819877747446298599e-11
1.322630958247742456e+03 -3.365130396559834480e-11
1.322581063730382766e+03 -2.910383045673370361e-11
1.322531169213023077e+03 -2.364686224609613419e-11
1.322481274695663387e+03 -1.909938873723149300e-11
1.322431380178303698e+03 -1.455191522836685181e-11
1.322381485660944008e+03 -1.000444171950221062e-11
1.322331591143584546e+03 -5.456968210637569427e-12
1.322281696626224857e+03 -2.728484105318784714e-12
1.322231802108865168e+03 9.094947017729282379e-13
1.322181907591505478e+03 4.547473508864641190e-12
1.322132013074145789e+03 6.366462912410497665e-12
1.322082118556786099e+03 9.094947017729282379e-12
1.322032224039426410e+03 1.000444171950221062e-11
1.321982329522066721e+03 1.182343112304806709e-11
1.321932435004707031e+03 1.364242052659392357e-11
1.321882540487347342e+03 1.455191522836685181e-11
1.321832645969987652e+03 1.455191522836685181e-11
1.321782751452628190e+03 1.546140993013978004e-11
1.321732856935268501e+03 1.546140993013978004e-11
1.321682962417908811e+03 1.637090463191270828e-11
1.321633067900549122e+03 1.728039933368563652e-11
1.321583173383189433e+03 1.728039933368563652e-11
1.321533278865829743e+03 1.728039933368563652e-11
1.321483384348470054e+03 1.728039933368563652e-11
1.321433489831110364e+03 1.728039933368563652e-11
1.321383595313750675e+03 1.728039933368563652e-11
1.321333700796390985e+03 1.728039933368563652e-11
1.321283806279031296e+03 1.728039933368563652e-11
1.321233911761671834e+03 1.728039933368563652e-11
1.321184017244312145e+03 1.728039933368563652e-11
1.321134122726952455e+03 1.637090463191270828e-11
1.321084228209592766e+03 1.546140993013978004e-11
1.321034333692233076e+03 1.364242052659392357e-11
1.320984439174873387e+03 1.182343112304806709e-11
1.320934544657513698e+03 1.000444171950221062e-11
1.320884650140154008e+03 7.275957614183425903e-12
1.320834755622794319e+03 4.547473508864641190e-12
1.320784861105434629e+03 1.818989403545856476e-12
1.320734966588074940e+03 -1.818989403545856476e-12
1.320685072070715478e+03 -5.456968210637569427e-12
1.320635177553355788e+03 -1.000444171950221062e-11
1.320585283035996099e+03 -1.455191522836685181e-11
1.320535388518636410e+03 -1.909938873723149300e-11
1.320485494001276720e+03 -2.455635694786906242e-11
1.320435599483917031e+03 -3.001332515850663185e-11
1.320385704966557341e+03 -3.547029336914420128e-11
1.320335810449197652e+03 -4.001776687800884247e-11
1.320285915931837962e+03 -4.547473508864641190e-11
1.320236021414478273e+03 -5.002220859751105309e-11
1.320186126897118584e+03 -5.456968210637569427e-11
1.320136232379759122e+03 -5.820766091346740723e-11
1.320086337862399432e+03 -6.002665031701326370e-11
1.320036443345039743e+03 -6.275513442233204842e-11
1.319986548827680053e+03 -6.366462912410497665e-11
1.319936654310320364e+03 -6.366462912410497665e-11
1.319886759792960675e+03 -6.275513442233204842e-11
1.319836865275600985e+03 -6.002665031701326370e-11
1.319786970758241296e+03 -5.820766091346740723e-11
1.319737076240881606e+03 -5.275069270282983780e-11
1.319687181723521917e+03 -4.820321919396519661e-11
1.319637287206162227e+03 -4.092726157978177071e-11
1.319587392688802765e+03 -3.274180926382541656e-11
1.319537498171443076e+03 -2.546585164964199066e-11
1.319487603654083387e+03 -1.546140993013978004e-11
1.319437709136723697e+03 -6.366462912410497665e-12
1.319387814619364008e+03 2.728484105318784714e-12
1.319337920102004318e+03 1.273292582482099533e-11
1.319288025584644629e+03 2.273736754432320595e-11
1.319238131067284939e+03 3.274180926382541656e-11
1.319188236549925250e+03 4.183675628155469894e-11
1.319138342032565561e+03 4.911271389573812485e-11
1.319088447515205871e+03 5.638867150992155075e-11
1.319038552997846409e+03 6.275513442233204842e-11
1.318988658480486720e+03 6.730260793119668961e-11
1.318938763963127030e+03 7.185008144006133080e-11
1.318888869445767341e+03 7.639755494892597198e-11
1.318838974928407652e+03 7.912603905424475670e-11
1.318789080411047962e+03 8.094502845779061317e-11
1.318739185893688273e+03 8.094502845779061317e-11
1.318689291376328583e+03 7.912603905424475670e-11
1.318639396858968894e+03 7.639755494892597198e-11
1.318589502341609204e+03 7.185008144006133080e-11
1.318539607824249515e+03 6.730260793119668961e-11
1.318489713306890053e+03 6.184563972055912018e-11
1.318439818789530364e+03 5.456968210637569427e-11
1.318389924272170674e+03 4.729372449219226837e-11
1.318340029754810985e+03 3.728928277269005775e-11
1.318290135237451295e+03 2.728484105318784714e-11
1.318240240720091606e+03 1.728039933368563652e-11
1.318190346202731916e+03 4.547473508864641190e-12
1.318140451685372227e+03 -8.185452315956354141e-12
1.318090557168012538e+03 -2.091837814077734947e-11
1.318040662650652848e+03 -3.547029336914420128e-11
1.317990768133293386e+03 -5.002220859751105309e-11
1.317940873615933697e+03 -6.457412382587790489e-11
1.317890979098574007e+03 -8.003553375601768494e-11
1.317841084581214318e+03 -9.549694368615746498e-11
1.317791190063854629e+03 -1.118678483180701733e-10
1.317741295546494939e+03 -1.273292582482099533e-10
1.317691401029135250e+03 -1.427906681783497334e-10
1.317641506511775560e+03 -1.564330887049436569e-10
1.317591611994415871e+03 -1.700755092315375805e-10
1.317541717477056181e+03 -1.828084350563585758e-10
1.317491822959696492e+03 -1.937223714776337147e-10
1.317441928442337030e+03 -2.028173184953629971e-10
1.317392033924977341e+03 -2.091837814077734947e-10
1.317342139407617651e+03 -2.128217602148652077e-10
1.317292244890257962e+03 -2.137312549166381359e-10
1.317242350372898272e+03 -2.110027708113193512e-10
1.317192455855538583e+03 -2.055458026006817818e-10
1.317142561338178893e+03 -1.955413608811795712e-10
1.317092666820819204e+03 -1.828084350563585758e-10
1.317042772303459515e+03 -1.655280357226729393e-10
1.316992877786099825e+03 -1.446096575818955898e-10
1.316942983268740136e+03 -1.182343112304806709e-10
1.316893088751380674e+03 -8.822098607197403908e-11
1.316843194234020984e+03 -5.547917680814862251e-11
1.316793299716661295e+03 -1.637090463191270828e-11
1.316743405199301606e+03 2.000888343900442123e-11
1.316693510681941916e+03 6.184563972055912018e-11
1.316643616164582227e+03 1.045918907038867474e-10
1.316593721647222537e+03 1.482476363889873028e-10
1.316543827129862848e+03 1.909938873723149300e-10
1.316493932612503158e+03 2.319211489520967007e-10
1.316444038095143469e+03 2.719389158301055431e-10
1.316394143577783780e+03 3.092281986027956009e-10
1.316344249060424318e+03 3.419700078666210175e-10
1.316294354543064628e+03 3.701643436215817928e-10
1.316244460025704939e+03 3.938112058676779270e-10
1.316194565508345249e+03 4.110916052013635635e-10
1.316144670990985560e+03 4.220055416226387024e-10
1.316094776473625870e+03 4.274625098332762718e-10
1.316044881956266181e+03 4.265530151315033436e-10
1.315994987438906492e+03 4.210960469208657742e-10
1.315945092921546802e+03 4.092726157978177071e-10
1.315895198404187113e+03 3.919922164641320705e-10
1.315845303886827423e+03 3.692548489198088646e-10
1.315795409369467961e+03 3.456079866737127304e-10
1.315745514852108272e+03 3.137756721116602421e-10
1.315695620334748583e+03 2.819433575496077538e-10
1.315645725817388893e+03 2.510205376893281937e-10
1.315595831300029204e+03 2.173692337237298489e-10
1.315545936782669514e+03 1.837179297581315041e-10
1.315496042265309825e+03 1.464286469854414463e-10
1.315446147747950135e+03 1.145963324233889580e-10
1.315396253230590446e+03 8.640199666842818260e-11
1.315346358713230757e+03 5.911715561524033546e-11
1.315296464195871067e+03 3.456079866737127304e-11
1.315246569678511605e+03 1.182343112304806709e-11
1.315196675161151916e+03 -5.456968210637569427e-12
1.315146780643792226e+03 -2.000888343900442123e-11
1.315096886126432537e+03 -3.274180926382541656e-11
1.315046991609072847e+03 -4.274625098332762718e-11
1.314997097091713158e+03 -5.002220859751105309e-11
1.314947202574353469e+03 -5.456968210637569427e-11
1.314897308056993779e+03 -5.820766091346740723e-11
1.314847413539634090e+03 -6.002665031701326370e-11
1.314797519022274400e+03 -6.184563972055912018e-11
1.314747624504914711e+03 -6.275513442233204842e-11
1.314697729987555249e+03 -6.366462912410497665e-11
1.314647835470195560e+03 -6.548361852765083313e-11
1.314597940952835870e+03 -6.730260793119668961e-11
1.314548046435476181e+03 -7.003109203651547432e-11
1.314498151918116491e+03 -7.548806024715304375e-11
1.314448257400756802e+03 -8.003553375601768494e-11
1.314398362883397112e+03 -8.549250196665525436e-11
1.314348468366037423e+03 -9.276845958083868027e-11
1.314298573848677734e+03 -1.000444171950221062e-10
1.314248679331318044e+03 -1.100488589145243168e-10
1.314198784813958355e+03 -1.200533006340265274e-10
1.314148890296598893e+03 -1.327862264588475227e-10
1.314098995779239203e+03 -1.437001628801226616e-10
1.314049101261879514e+03 -1.546140993013978004e-10
1.313999206744519824e+03 -1.655280357226729393e-10
1.313949312227160135e+03 -1.782609615474939346e-10
1.313899417709800446e+03 -1.900843926705420017e-10
1.313849523192440756e+03 -2.000888343900442123e-10
1.313799628675081067e+03 -2.100932761095464230e-10
1.313749734157721377e+03 -2.182787284255027771e-10
1.313699839640361688e+03 -2.255546860396862030e-10
1.313649945123001999e+03 -2.310116542503237724e-10
1.313600050605642537e+03 -2.355591277591884136e-10
1.313550156088282847e+03 -2.373781171627342701e-10
1.313500261570923158e+03 -2.355591277591884136e-10
1.313450367053563468e+03 -2.328306436538696289e-10
1.313400472536203779e+03 -2.273736754432320595e-10
1.313350578018844089e+03 -2.200977178290486336e-10
1.313300683501484400e+03 -2.100932761095464230e-10
1.313250788984124711e+03 -1.973603502847254276e-10
1.313200894466765021e+03 -1.828084350563585758e-10
1.313150999949405332e+03 -1.655280357226729393e-10
1.313101105432045642e+03 -1.473381416872143745e-10
1.313051210914686180e+03 -1.273292582482099533e-10
1.313001316397326491e+03 -1.073203748092055321e-10
1.312951421879966801e+03 -8.549250196665525436e-11
1.312901527362607112e+03 -6.457412382587790489e-11
1.312851632845247423e+03 -4.274625098332762718e-11
1.312801738327887733e+03 -2.273736754432320595e-11
1.312751843810528044e+03 -4.547473508864641190e-12
1.312701949293168354e+03 1.182343112304806709e-11
1.312652054775808665e+03 2.637534635141491890e-11
1.312602160258448976e+03 3.819877747446298599e-11
1.312552265741089286e+03 4.729372449219226837e-11
1.312502371223729824e+03 5.456968210637569427e-11
1.312452476706370135e+03 5.911715561524033546e-11
1.312402582189010445e+03 6.184563972055912018e-11
1.312352687671650756e+03 6.275513442233204842e-11
1.312302793154291066e+03 6.093614501878619194e-11
1.312252898636931377e+03 5.729816621169447899e-11
1.312203004119571688e+03 5.275069270282983780e-11
1.312153109602211998e+03 4.638422979041934013e-11
1.312103215084852309e+03 3.910827217623591423e-11
1.312053320567492619e+03 3.092281986027956009e-11
1.312003426050133157e+03 2.455635694786906242e-11
1.311953531532773468e+03 1.728039933368563652e-11
1.311903637015413778e+03 1.000444171950221062e-11
1.311853742498054089e+03 4.547473508864641190e-12
1.311803847980694400e+03 0.000000000000000000e+00
1.311753953463334710e+03 -3.637978807091712952e-12
1.311704058945975021e+03 -8.185452315956354141e-12
1.311654164428615331e+03 -1.000444171950221062e-11
1.311604269911255642e+03 -1.273292582482099533e-11
1.311554375393895953e+03 -1.364242052659392357e-11
1.311504480876536263e+03 -1.455191522836685181e-11
1.311454586359176801e+03 -1.546140993013978004e-11
1.311404691841817112e+03 -1.546140993013978004e-11
1.311354797324457422e+03 -1.546140993013978004e-11
1.311304902807097733e+03 -1.364242052659392357e-11
1.311255008289738043e+03 -1.273292582482099533e-11
1.311205113772378354e+03 -1.091393642127513885e-11
1.311155219255018665e+03 -8.185452315956354141e-12
1.311105324737658975e+03 -5.456968210637569427e-12
1.311055430220299286e+03 -9.094947017729282379e-13
1.311005535702939596e+03 3.637978807091712952e-12
1.310955641185579907e+03 9.094947017729282379e-12
1.310905746668220445e+03 1.455191522836685181e-11
1.310855852150860756e+03 2.091837814077734947e-11
1.310805957633501066e+03 2.728484105318784714e-11
1.310756063116141377e+03 3.274180926382541656e-11
1.310706168598781687e+03 3.910827217623591423e-11
1.310656274081421998e+03 4.547473508864641190e-11
1.310606379564062308e+03 5.275069270282983780e-11
1.310556485046702619e+03 5.911715561524033546e-11
1.310506590529342930e+03 6.457412382587790489e-11
1.310456696011983240e+03 6.912159733474254608e-11
1.310406801494623551e+03 7.366907084360718727e-11
1.310356906977264089e+03 7.730704965069890022e-11
1.310307012459904399e+03 7.912603905424475670e-11
1.310257117942544710e+03 8.094502845779061317e-11
1.310207223425185020e+03 8.094502845779061317e-11
1.310157328907825331e+03 7.912603905424475670e-11
1.310107434390465642e+03 7.639755494892597198e-11
1.310057539873105952e+03 7.185008144006133080e-11
1.310007645355746263e+03 6.730260793119668961e-11
1.309957750838386573e+03 6.184563972055912018e-11
1.309907856321026884e+03 5.547917680814862251e-11
1.309857961803667195e+03 4.911271389573812485e-11
1.309808067286307733e+03 4.456524038687348366e-11
1.309758172768948043e+03 3.819877747446298599e-11
1.309708278251588354e+03 3.183231456205248833e-11
1.309658383734228664e+03 2.728484105318784714e-11
1.309608489216868975e+03 2.182787284255027771e-11
1.309558594699509285e+03 1.728039933368563652e-11
1.309508700182149596e+03 1.273292582482099533e-11
1.309458805664789907e+03 9.094947017729282379e-12
1.309408911147430217e+03 5.456968210637569427e-12
1.309359016630070528e+03 1.818989403545856476e-12
1.309309122112710838e+03 0.000000000000000000e+00
1.309259227595351376e+03 -1.818989403545856476e-12
1.309209333077991687e+03 -2.728484105318784714e-12
1.309159438560631997e+03 -3.637978807091712952e-12
1.309109544043272308e+03 -3.637978807091712952e-12
1.309059649525912619e+03 -2.728484105318784714e-12
1.309009755008552929e+03 -2.728484105318784714e-12
1.308959860491193240e+03 -3.637978807091712952e-12
1.308909965973833550e+03 -2.728484105318784714e-12
1.308860071456473861e+03 -2.728484105318784714e-12
1.308810176939114172e+03 -1.818989403545856476e-12
1.308760282421754482e+03 0.000000000000000000e+00
1.308710387904395020e+03 0.000000000000000000e+00
1.308660493387035331e+03 0.000000000000000000e+00
1.308610598869675641e+03 9.094947017729282379e-13
1.308560704352315952e+03 1.818989403545856476e-12
1.308510809834956262e+03 2.728484105318784714e-12
1.308460915317596573e+03 3.637978807091712952e-12
1.308411020800236884e+03 4.547473508864641190e-12
1.308361126282877194e+03 4.547473508864641190e-12
1.308311231765517505e+03 5.456968210637569427e-12
1.308261337248157815e+03 6.366462912410497665e-12
1.308211442730798126e+03 6.366462912410497665e-12
1.308161548213438664e+03 7.275957614183425903e-12
1.308111653696078974e+03 7.275957614183425903e-12
1.308061759178719285e+03 7.275957614183425903e-12
1.308011864661359596e+03 7.275957614183425903e-12
1.307961970143999906e+03 8.185452315956354141e-12
1.307912075626640217e+03 8.185452315956354141e-12
1.307862181109280527e+03 8.185452315956354141e-12
1.307812286591920838e+03 7.275957614183425903e-12
1.307762392074561149e+03 7.275957614183425903e-12
1.307712497557201459e+03 7.275957614183425903e-12
1.307662603039841770e+03 5.456968210637569427e-12
1.307612708522482308e+03 4.547473508864641190e-12
1.307562814005122618e+03 1.818989403545856476e-12
1.307512919487762929e+03 0.000000000000000000e+00
1.307463024970403239e+03 0.000000000000000000e+00
1.307413130453043550e+03 -1.818989403545856476e-12
1.307363235935683861e+03 -2.728484105318784714e-12
1.307313341418324171e+03 -3.637978807091712952e-12
1.307263446900964482e+03 -5.456968210637569427e-12
1.307213552383604792e+03 -7.275957614183425903e-12
1.307163657866245103e+03 -7.275957614183425903e-12
1.307113763348885414e+03 -7.275957614183425903e-12
1.307063868831525951e+03 -7.275957614183425903e-12
1.307013974314166262e+03 -7.275957614183425903e-12
1.306964079796806573e+03 -8.185452315956354141e-12
1.306914185279446883e+03 -8.185452315956354141e-12
1.306864290762087194e+03 -8.185452315956354141e-12
1.306814396244727504e+03 -8.185452315956354141e-12
1.306764501727367815e+03 -9.094947017729282379e-12
1.306714607210008126e+03 -9.094947017729282379e-12
1.306664712692648436e+03 -9.094947017729282379e-12
1.306614818175288747e+03 -8.185452315956354141e-12
1.306564923657929057e+03 -8.185452315956354141e-12
1.306515029140569595e+03 -8.185452315956354141e-12
1.306465134623209906e+03 -8.185452315956354141e-12
1.306415240105850216e+03 -7.275957614183425903e-12
1.306365345588490527e+03 -6.366462912410497665e-12
1.306315451071130838e+03 -5.456968210637569427e-12
1.306265556553771148e+03 -4.547473508864641190e-12
1.306215662036411459e+03 -3.637978807091712952e-12
1.306165767519051769e+03 -3.637978807091712952e-12
1.306115873001692080e+03 -4.547473508864641190e-12
1.306065978484332391e+03 -5.456968210637569427e-12
1.306016083966972928e+03 -4.547473508864641190e-12
1.305966189449613239e+03 -3.637978807091712952e-12
1.305916294932253550e+03 -3.637978807091712952e-12
1.305866400414893860e+03 -3.637978807091712952e-12
1.305816505897534171e+03 -3.637978807091712952e-12
1.305766611380174481e+03 -3.637978807091712952e-12
1.305716716862814792e+03 -3.637978807091712952e-12
1.305666822345455103e+03 -3.637978807091712952e-12
1.305616927828095413e+03 -3.637978807091712952e-12
1.305567033310735724e+03 -3.637978807091712952e-12
1.305517138793376034e+03 -3.637978807091712952e-12
1.305467244276016572e+03 -3.637978807091712952e-12
1.305417349758656883e+03 -3.637978807091712952e-12
1.305367455241297193e+03 -3.637978807091712952e-12
1.305317560723937504e+03 -3.637978807091712952e-12
1.305267666206577815e+03 -2.728484105318784714e-12
1.305217771689218125e+03 -1.818989403545856476e-12
1.305167877171858436e+03 -1.818989403545856476e-12
1.305117982654498746e+03 -1.818989403545856476e-12
1.305068088137139057e+03 -1.818989403545856476e-12
1.305018193619779368e+03 -1.818989403545856476e-12
1.304968299102419678e+03 -2.728484105318784714e-12
1.304918404585060216e+03 -1.818989403545856476e-12
1.304868510067700527e+03 -1.818989403545856476e-12
1.304818615550340837e+03 -9.094947017729282379e-13
1.304768721032981148e+03 0.000000000000000000e+00
1.304718826515621458e+03 0.000000000000000000e+00
1.304668931998261769e+03 0.000000000000000000e+00
1.304619037480902080e+03 0.000000000000000000e+00
1.304569142963542390e+03 9.094947017729282379e-13
1.304519248446182701e+03 9.094947017729282379e-13
1.304469353928823011e+03 9.094947017729282379e-13
1.304419459411463322e+03 1.818989403545856476e-12
1.304369564894103860e+03 1.818989403545856476e-12
1.304319670376744170e+03 1.818989403545856476e-12
1.304269775859384481e+03 1.818989403545856476e-12
1.304219881342024792e+03 9.094947017729282379e-13
1.304169986824665102e+03 9.094947017729282379e-13
1.304120092307305413e+03 0.000000000000000000e+00
1.304070197789945723e+03 0.000000000000000000e+00
1.304020303272586034e+03 0.000000000000000000e+00
1.303970408755226345e+03 0.000000000000000000e+00
1.303920514237866655e+03 9.094947017729282379e-13
1.303870619720506966e+03 9.094947017729282379e-13
1.303820725203147504e+03 1.818989403545856476e-12
1.303770830685787814e+03 1.818989403545856476e-12
1.303720936168428125e+03 1.818989403545856476e-12
1.303671041651068435e+03 1.818989403545856476e-12
1.303621147133708746e+03 1.818989403545856476e-12
1.303571252616349057e+03 1.818989403545856476e-12
1.303521358098989367e+03 1.818989403545856476e-12
1.303471463581629678e+03 1.818989403545856476e-12
1.303421569064269988e+03 9.094947017729282379e-13
1.303371674546910299e+03 0.000000000000000000e+00
1.303321780029550609e+03 9.094947017729282379e-13
1.303271885512191147e+03 9.094947017729282379e-13
1.303221990994831458e+03 9.094947017729282379e-13
1.303172096477471769e+03 0.000000000000000000e+00
1.303122201960112079e+03 0.000000000000000000e+00
1.303072307442752390e+03 0.000000000000000000e+00
1.303022412925392700e+03 0.000000000000000000e+00
1.302972518408033011e+03 0.000000000000000000e+00
1.302922623890673322e+03 9.094947017729282379e-13
1.302872729373313632e+03 9.094947017729282379e-13
1.302822834855953943e+03 1.818989403545856476e-12
1.302772940338594253e+03 9.094947017729282379e-13
1.302723045821234791e+03 9.094947017729282379e-13
1.302673151303875102e+03 9.094947017729282379e-13
1.302623256786515412e+03 9.094947017729282379e-13
1.302573362269155723e+03 1.818989403545856476e-12
1.302523467751796034e+03 1.818989403545856476e-12
1.302473573234436344e+03 2.728484105318784714e-12
1.302423678717076655e+03 1.818989403545856476e-12
1.302373784199716965e+03 1.818989403545856476e-12
1.302323889682357276e+03 1.818989403545856476e-12
1.302273995164997586e+03 1.818989403545856476e-12
1.302224100647637897e+03 1.818989403545856476e-12
1.302174206130278435e+03 1.818989403545856476e-12
1.302124311612918746e+03 1.818989403545856476e-12
1.302074417095559056e+03 1.818989403545856476e-12
1.302024522578199367e+03 9.094947017729282379e-13
1.301974628060839677e+03 1.818989403545856476e-12
1.301924733543479988e+03 9.094947017729282379e-13
1.301874839026120299e+03 9.094947017729282379e-13
1.301824944508760609e+03 9.094947017729282379e-13
1.301775049991400920e+03 9.094947017729282379e-13
1.301725155474041230e+03 9.094947017729282379e-13
1.301675260956681541e+03 0.000000000000000000e+00
1.301625366439322079e+03 0.000000000000000000e+00
1.301575471921962389e+03 0.000000000000000000e+00
1.301525577404602700e+03 -9.094947017729282379e-13
1.301475682887243011e+03 -1.818989403545856476e-12
1.301425788369883321e+03 -1.818989403545856476e-12
1.301375893852523632e+03 -1.818989403545856476e-12
1.301325999335163942e+03 -1.818989403545856476e-12
1.301276104817804253e+03 -9.094947017729282379e-13
1.301226210300444563e+03 -1.818989403545856476e-12
1.301176315783084874e+03 -1.818989403545856476e-12
1.301126421265725185e+03 -9.094947017729282379e-13
1.301076526748365723e+03 0.000000000000000000e+00
1.301026632231006033e+03 0.000000000000000000e+00
1.300976737713646344e+03 0.000000000000000000e+00
1.300926843196286654e+03 0.000000000000000000e+00
1.300876948678926965e+03 0.000000000000000000e+00
1.300827054161567276e+03 0.000000000000000000e+00
1.300777159644207586e+03 0.000000000000000000e+00
1.300727265126847897e+03 0.000000000000000000e+00
1.300677370609488207e+03 0.000000000000000000e+00
1.300627476092128518e+03 0.000000000000000000e+00
1.300577581574769056e+03 0.000000000000000000e+00
1.300527687057409366e+03 0.000000000000000000e+00
1.300477792540049677e+03 0.000000000000000000e+00
1.300427898022689988e+03 0.000000000000000000e+00
1.300378003505330298e+03 0.000000000000000000e+00
1.300328108987970609e+03 0.000000000000000000e+00
1.300278214470610919e+03 9.094947017729282379e-13
1.300228319953251230e+03 9.094947017729282379e-13
1.300178425435891540e+03 1.818989403545856476e-12
1.300128530918531851e+03 1.818989403545856476e-12
1.300078636401172162e+03 1.818989403545856476e-12
1.300028741883812700e+03 1.818989403545856476e-12
1.299978847366453010e+03 9.094947017729282379e-13
1.299928952849093321e+03 9.094947017729282379e-13
1.299879058331733631e+03 0.000000000000000000e+00
1.299829163814373942e+03 9.094947017729282379e-13
1.299779269297014253e+03 9.094947017729282379e-13
1.299729374779654563e+03 9.094947017729282379e-13
1.299679480262294874e+03 9.094947017729282379e-13
1.299629585744935184e+03 9.094947017729282379e-13
1.299579691227575495e+03 9.094947017729282379e-13
1.299529796710215805e+03 9.094947017729282379e-13
1.299479902192856343e+03 9.094947017729282379e-13
1.299430007675496654e+03 9.094947017729282379e-13
1.299380113158136965e+03 1.818989403545856476e-12
1.299330218640777275e+03 1.818989403545856476e-12
1.299280324123417586e+03 1.818989403545856476e-12
1.299230429606057896e+03 9.094947017729282379e-13
1.299180535088698207e+03 9.094947017729282379e-13
1.299130640571338517e+03 1.818989403545856476e-12
1.299080746053978828e+03 1.818989403545856476e-12
1.299030851536619139e+03 1.818989403545856476e-12
1.298980957019259449e+03 9.094947017729282379e-13
1.298931062501899987e+03 9.094947017729282379e-13
1.298881167984540298e+03 1.818989403545856476e-12
1.298831273467180608e+03 1.818989403545856476e-12
1.298781378949820919e+03 1.818989403545856476e-12
1.298731484432461230e+03 1.818989403545856476e-12
1.298681589915101540e+03 1.818989403545856476e-12
1.298631695397741851e+03 1.818989403545856476e-12
1.298581800880382161e+03 9.094947017729282379e-13
1.298531906363022472e+03 9.094947017729282379e-13
1.298482011845662782e+03 1.818989403545856476e-12
1.298432117328303093e+03 9.094947017729282379e-13
1.298382222810943631e+03 9.094947017729282379e-13
1.298332328293583942e+03 9.094947017729282379e-13
1.298282433776224252e+03 9.094947017729282379e-13
1.298232539258864563e+03 1.818989403545856476e-12
1.298182644741504873e+03 1.818989403545856476e-12
1.298132750224145184e+03 1.818989403545856476e-12
1.298082855706785494e+03 1.818989403545856476e-12
1.298032961189425805e+03 1.818989403545856476e-12
1.297983066672066116e+03 9.094947017729282379e-13
1.297933172154706426e+03 9.094947017729282379e-13
1.297883277637346737e+03 9.094947017729282379e-13
1.297833383119987275e+03 9.094947017729282379e-13
1.297783488602627585e+03 9.094947017729282379e-13
1.297733594085267896e+03 1.818989403545856476e-12
1.297683699567908207e+03 1.818989403545856476e-12
1.297633805050548517e+03 9.094947017729282379e-13
1.297583910533188828e+03 0.000000000000000000e+00
1.297534016015829138e+03 0.000000000000000000e+00
1.297484121498469449e+03 0.000000000000000000e+00
1.297434226981109759e+03 9.094947017729282379e-13
1.297384332463750070e+03 1.818989403545856476e-12
1.297334437946390381e+03 1.818989403545856476e-12
1.297284543429030919e+03 1.818989403545856476e-12
1.297234648911671229e+03 1.818989403545856476e-12
1.297184754394311540e+03 1.818989403545856476e-12
1.297134859876951850e+03 1.818989403545856476e-12
1.297084965359592161e+03 1.818989403545856476e-12
1.297035070842232471e+03 1.818989403545856476e-12
1.296985176324872782e+03 1.818989403545856476e-12
1.296935281807513093e+03 1.818989403545856476e-12
1.296885387290153403e+03 1.818989403545856476e-12
1.296835492772793714e+03 2.728484105318784714e-12
1.296785598255434024e+03 2.728484105318784714e-12
1.296735703738074562e+03 3.637978807091712952e-12
1.296685809220714873e+03 4.547473508864641190e-12
1.296635914703355184e+03 4.547473508864641190e-12
1.296586020185995494e+03 4.547473508864641190e-12
1.296536125668635805e+03 4.547473508864641190e-12
1.296486231151276115e+03 4.547473508864641190e-12
1.296436336633916426e+03 4.547473508864641190e-12
1.296386442116556736e+03 3.637978807091712952e-12
1.296336547599197047e+03 1.818989403545856476e-12
1.296286653081837358e+03 1.818989403545856476e-12
1.296236758564477668e+03 1.818989403545856476e-12
1.296186864047118206e+03 1.818989403545856476e-12
1.296136969529758517e+03 1.818989403545856476e-12
1.296087075012398827e+03 1.818989403545856476e-12
1.296037180495039138e+03 1.818989403545856476e-12
1.295987285977679448e+03 1.818989403545856476e-12
1.295937391460319759e+03 1.818989403545856476e-12
1.295887496942960070e+03 1.818989403545856476e-12
1.295837602425600380e+03 1.818989403545856476e-12
1.295787707908240691e+03 1.818989403545856476e-12
1.295737813390881001e+03 2.728484105318784714e-12
1.295687918873521312e+03 2.728484105318784714e-12
1.295638024356161850e+03 2.728484105318784714e-12
1.295588129838802161e+03 2.728484105318784714e-12
1.295538235321442471e+03 2.728484105318784714e-12
1.295488340804082782e+03 1.818989403545856476e-12
1.295438446286723092e+03 1.818989403545856476e-12
1.295388551769363403e+03 1.818989403545856476e-12
1.295338657252003713e+03 2.728484105318784714e-12
1.295288762734644024e+03 2.728484105318784714e-12
1.295238868217284335e+03 2.728484105318784714e-12
1.295188973699924645e+03 2.728484105318784714e-12
1.295139079182564956e+03 2.728484105318784714e-12
1.295089184665205494e+03 1.818989403545856476e-12
1.295039290147845804e+03 1.818989403545856476e-12
1.294989395630486115e+03 9.094947017729282379e-13
1.294939501113126425e+03 1.818989403545856476e-12
1.294889606595766736e+03 1.818989403545856476e-12
1.294839712078407047e+03 1.818989403545856476e-12
1.294789817561047357e+03 1.818989403545856476e-12
1.294739923043687668e+03 1.818989403545856476e-12
1.294690028526327978e+03 1.818989403545856476e-12
1.294640134008968289e+03 1.818989403545856476e-12
1.294590239491608827e+03 1.818989403545856476e-12
1.294540344974249138e+03 1.818989403545856476e-12
1.294490450456889448e+03 1.818989403545856476e-12
1.294440555939529759e+03 1.818989403545856476e-12
1.294390661422170069e+03 1.818989403545856476e-12
1.294340766904810380e+03 1.818989403545856476e-12
1.294290872387450690e+03 2.728484105318784714e-12
1.294240977870091001e+03 2.728484105318784714e-12
1.294191083352731312e+03 2.728484105318784714e-12
1.294141188835371622e+03 2.728484105318784714e-12
1.294091294318011933e+03 1.818989403545856476e-12
1.294041399800652471e+03 1.818989403545856476e-12
1.293991505283292781e+03 1.818989403545856476e-12
1.293941610765933092e+03 9.094947017729282379e-13
1.293891716248573402e+03 0.000000000000000000e+00
1.293841821731213713e+03 0.000000000000000000e+00
1.293791927213854024e+03 -9.094947017729282379e-13
1.293742032696494334e+03 -9.094947017729282379e-13
1.293692138179134645e+03 -9.094947017729282379e-13
1.293642243661774955e+03 0.000000000000000000e+00
1.293592349144415266e+03 0.000000000000000000e+00
1.293542454627055577e+03 0.000000000000000000e+00
1.293492560109696115e+03 0.000000000000000000e+00
1.293442665592336425e+03 0.000000000000000000e+00
1.293392771074976736e+03 0.000000000000000000e+00
1.293342876557617046e+03 0.000000000000000000e+00
1.293292982040257357e+03 0.000000000000000000e+00
1.293243087522897667e+03 -9.094947017729282379e-13
1.293193193005537978e+03 0.000000000000000000e+00
1.293143298488178289e+03 0.000000000000000000e+00
1.293093403970818599e+03 0.000000000000000000e+00
1.293043509453458910e+03 -9.094947017729282379e-13
1.292993614936099220e+03 -9.094947017729282379e-13
1.292943720418739758e+03 0.000000000000000000e+00
1.292893825901380069e+03 0.000000000000000000e+00
1.292843931384020379e+03 0.000000000000000000e+00
1.292794036866660690e+03 0.000000000000000000e+00
1.292744142349301001e+03 0.000000000000000000e+00
1.292694247831941311e+03 0.000000000000000000e+00
1.292644353314581622e+03 0.000000000000000000e+00
1.292594458797221932e+03 0.000000000000000000e+00
1.292544564279862243e+03 0.000000000000000000e+00
1.292494669762502554e+03 9.094947017729282379e-13
1.292444775245142864e+03 9.094947017729282379e-13
1.292394880727783402e+03 9.094947017729282379e-13
1.292344986210423713e+03 0.000000000000000000e+00
1.292295091693064023e+03 0.000000000000000000e+00
1.292245197175704334e+03 0.000000000000000000e+00
1.292195302658344644e+03 0.000000000000000000e+00
1.292145408140984955e+03 9.094947017729282379e-13
1.292095513623625266e+03 1.818989403545856476e-12
1.292045619106265576e+03 1.818989403545856476e-12
1.291995724588905887e+03 1.818989403545856476e-12
1.291945830071546197e+03 1.818989403545856476e-12
1.291895935554186508e+03 2.728484105318784714e-12
1.291846041036827046e+03 4.547473508864641190e-12
1.291796146519467356e+03 4.547473508864641190e-12
1.291746252002107667e+03 4.547473508864641190e-12
1.291696357484747978e+03 4.547473508864641190e-12
1.291646462967388288e+03 4.547473508864641190e-12
1.291596568450028599e+03 4.547473508864641190e-12
1.291546673932668909e+03 4.547473508864641190e-12
1.291496779415309220e+03 4.547473508864641190e-12
1.291446884897949531e+03 5.456968210637569427e-12
1.291396990380589841e+03 5.456968210637569427e-12
1.291347095863230152e+03 6.366462912410497665e-12
1.291297201345870690e+03 5.456968210637569427e-12
1.291247306828511000e+03 4.547473508864641190e-12
1.291197412311151311e+03 4.547473508864641190e-12
1.291147517793791621e+03 3.637978807091712952e-12
1.291097623276431932e+03 3.637978807091712952e-12
1.291047728759072243e+03 2.728484105318784714e-12
1.290997834241712553e+03 2.728484105318784714e-12
1.290947939724352864e+03 2.728484105318784714e-12
1.290898045206993174e+03 2.728484105318784714e-12
1.290848150689633485e+03 1.818989403545856476e-12
1.290798256172273796e+03 1.818989403545856476e-12
1.290748361654914333e+03 1.818989403545856476e-12
1.290698467137554644e+03 9.094947017729282379e-13
1.290648572620194955e+03 9.094947017729282379e-13
1.290598678102835265e+03 0.000000000000000000e+00
1.290548783585475576e+03 0.000000000000000000e+00
1.290498889068115886e+03 0.000000000000000000e+00
1.290448994550756197e+03 -9.094947017729282379e-13
1.290399100033396508e+03 -9.094947017729282379e-13
1.290349205516036818e+03 -1.818989403545856476e-12
1.290299310998677129e+03 -2.728484105318784714e-12
1.290249416481317439e+03 -2.728484105318784714e-12
1.290199521963957977e+03 -2.728484105318784714e-12
1.290149627446598288e+03 -2.728484105318784714e-12
1.290099732929238598e+03 -2.728484105318784714e-12
1.290049838411878909e+03 -2.728484105318784714e-12
1.289999943894519220e+03 -2.728484105318784714e-12
