1.339915649245529039e+03 1.455191522836685181e-11
1.339865754728169350e+03 1.182343112304806709e-11
1.339815860210809660e+03 9.094947017729282379e-12
1.339765965693449971e+03 5.456968210637569427e-12
1.339716071176090281e+03 1.818989403545856476e-12
1.339666176658730592e+03 -2.728484105318784714e-12
1.339616282141370903e+03 -7.275957614183425903e-12
1.339566387624011213e+03 -1.091393642127513885e-11
1.339516493106651524e+03 -1.546140993013978004e-11
1.339466598589291834e+03 -1.909938873723149300e-11
1.339416704071932372e+03 -2.273736754432320595e-11
1.339366809554572683e+03 -2.546585164964199066e-11
1.339316915037212993e+03 -2.819433575496077538e-11
1.339267020519853304e+03 -3.092281986027956009e-11
1.339217126002493615e+03 -3.365130396559834480e-11
1.339167231485133925e+03 -3.637978807091712952e-11
1.339117336967774236e+03 -3.819877747446298599e-11
1.339067442450414546e+03 -4.001776687800884247e-11
1.339017547933054857e+03 -4.001776687800884247e-11
1.338967653415695167e+03 -4.092726157978177071e-11
1.338917758898335478e+03 -4.092726157978177071e-11
1.338867864380976016e+03 -4.001776687800884247e-11
1.338817969863616327e+03 -3.819877747446298599e-11
1.338768075346256637e+03 -3.637978807091712952e-11
1.338718180828896948e+03 -3.365130396559834480e-11
1.338668286311537258e+03 -3.092281986027956009e-11
1.338618391794177569e+03 -2.819433575496077538e-11
1.338568497276817880e+03 -2.546585164964199066e-11
1.338518602759458190e+03 -2.273736754432320595e-11
1.338468708242098501e+03 -2.000888343900442123e-11
1.338418813724738811e+03 -1.728039933368563652e-11
1.338368919207379122e+03 -1.364242052659392357e-11
1.338319024690019660e+03 -1.000444171950221062e-11
1.338269130172659970e+03 -7.275957614183425903e-12
1.338219235655300281e+03 -4.547473508864641190e-12
1.338169341137940592e+03 -1.818989403545856476e-12
1.338119446620580902e+03 0.000000000000000000e+00
1.338069552103221213e+03 0.000000000000000000e+00
1.338019657585861523e+03 9.094947017729282379e-13
1.337969763068501834e+03 1.818989403545856476e-12
1.337919868551142144e+03 3.637978807091712952e-12
1.337869974033782455e+03 2.728484105318784714e-12
1.337820079516422766e+03 1.818989403545856476e-12
1.337770184999063304e+03 1.818989403545856476e-12
1.337720290481703614e+03 0.000000000000000000e+00
1.337670395964343925e+03 -1.818989403545856476e-12
1.337620501446984235e+03 -3.637978807091712952e-12
1.337570606929624546e+03 -5.456968210637569427e-12
1.337520712412264857e+03 -8.185452315956354141e-12
1.337470817894905167e+03 -1.000444171950221062e-11
1.337420923377545478e+03 -1.182343112304806709e-11
1.337371028860185788e+03 -1.455191522836685181e-11
1.337321134342826099e+03 -1.637090463191270828e-11
1.337271239825466409e+03 -1.818989403545856476e-11
1.337221345308106947e+03 -2.000888343900442123e-11
1.337171450790747258e+03 -2.091837814077734947e-11
1.337121556273387569e+03 -2.273736754432320595e-11
1.337071661756027879e+03 -2.273736754432320595e-11
1.337021767238668190e+03 -2.182787284255027771e-11
1.336971872721308500e+03 -2.000888343900442123e-11
1.336921978203948811e+03 -1.909938873723149300e-11
1.336872083686589121e+03 -1.728039933368563652e-11
1.336822189169229432e+03 -1.455191522836685181e-11
1.336772294651869743e+03 -1.091393642127513885e-11
1.336722400134510281e+03 -8.185452315956354141e-12
1.336672505617150591e+03 -5.456968210637569427e-12
1.336622611099790902e+03 -3.637978807091712952e-12
1.336572716582431212e+03 -1.818989403545856476e-12
1.336522822065071523e+03 0.000000000000000000e+00
1.336472927547711834e+03 1.818989403545856476e-12
1.336423033030352144e+03 1.818989403545856476e-12
1.336373138512992455e+03 2.728484105318784714e-12
1.336323243995632765e+03 3.637978807091712952e-12
1.336273349478273076e+03 3.637978807091712952e-12
1.336223454960913386e+03 3.637978807091712952e-12
1.336173560443553924e+03 2.728484105318784714e-12
1.336123665926194235e+03 1.818989403545856476e-12
1.336073771408834546e+03 9.094947017729282379e-13
1.336023876891474856e+03 0.000000000000000000e+00
1.335973982374115167e+03 -1.818989403545856476e-12
1.335924087856755477e+03 -2.728484105318784714e-12
1.335874193339395788e+03 -5.456968210637569427e-12
1.335824298822036098e+03 -6.366462912410497665e-12
1.335774404304676409e+03 -8.185452315956354141e-12
1.335724509787316720e+03 -8.185452315956354141e-12
1.335674615269957030e+03 -1.000444171950221062e-11
1.335624720752597568e+03 -1.000444171950221062e-11
1.335574826235237879e+03 -1.000444171950221062e-11
1.335524931717878189e+03 -9.094947017729282379e-12
1.335475037200518500e+03 -7.275957614183425903e-12
1.335425142683158811e+03 -5.456968210637569427e-12
1.335375248165799121e+03 -2.728484105318784714e-12
1.335325353648439432e+03 0.000000000000000000e+00
1.335275459131079742e+03 1.818989403545856476e-12
1.335225564613720053e+03 4.547473508864641190e-12
1.335175670096360363e+03 9.094947017729282379e-12
1.335125775579000674e+03 1.273292582482099533e-11
1.335075881061641212e+03 1.728039933368563652e-11
1.335025986544281523e+03 2.182787284255027771e-11
1.334976092026921833e+03 2.546585164964199066e-11
1.334926197509562144e+03 2.910383045673370361e-11
1.334876302992202454e+03 3.183231456205248833e-11
1.334826408474842765e+03 3.456079866737127304e-11
1.334776513957483076e+03 3.547029336914420128e-11
1.334726619440123386e+03 3.547029336914420128e-11
1.334676724922763697e+03 3.547029336914420128e-11
1.334626830405404007e+03 3.456079866737127304e-11
1.334576935888044318e+03 3.274180926382541656e-11
1.334527041370684856e+03 3.092281986027956009e-11
1.334477146853325166e+03 2.728484105318784714e-11
1.334427252335965477e+03 2.455635694786906242e-11
1.334377357818605788e+03 2.091837814077734947e-11
1.334327463301246098e+03 1.728039933368563652e-11
1.334277568783886409e+03 1.364242052659392357e-11
1.334227674266526719e+03 8.185452315956354141e-12
1.334177779749167030e+03 1.818989403545856476e-12
1.334127885231807340e+03 -2.728484105318784714e-12
1.334077990714447651e+03 -9.094947017729282379e-12
1.334028096197087962e+03 -1.546140993013978004e-11
1.333978201679728500e+03 -2.091837814077734947e-11
1.333928307162368810e+03 -2.637534635141491890e-11
1.333878412645009121e+03 -3.183231456205248833e-11
1.333828518127649431e+03 -3.819877747446298599e-11
1.333778623610289742e+03 -4.274625098332762718e-11
1.333728729092930053e+03 -4.729372449219226837e-11
1.333678834575570363e+03 -5.093170329928398132e-11
1.333628940058210674e+03 -5.547917680814862251e-11
1.333579045540850984e+03 -5.820766091346740723e-11
1.333529151023491295e+03 -6.002665031701326370e-11
1.333479256506131605e+03 -6.184563972055912018e-11
1.333429361988772143e+03 -6.275513442233204842e-11
1.333379467471412454e+03 -6.366462912410497665e-11
1.333329572954052765e+03 -6.366462912410497665e-11
1.333279678436693075e+03 -6.275513442233204842e-11
1.333229783919333386e+03 -6.002665031701326370e-11
1.333179889401973696e+03 -5.820766091346740723e-11
1.333129994884614007e+03 -5.456968210637569427e-11
1.333080100367254317e+03 -5.093170329928398132e-11
1.333030205849894628e+03 -4.729372449219226837e-11
1.332980311332534939e+03 -4.274625098332762718e-11
1.332930416815175249e+03 -3.819877747446298599e-11
1.332880522297815787e+03 -3.274180926382541656e-11
1.332830627780456098e+03 -2.819433575496077538e-11
1.332780733263096408e+03 -2.273736754432320595e-11
1.332730838745736719e+03 -1.637090463191270828e-11
1.332680944228377030e+03 -1.091393642127513885e-11
1.332631049711017340e+03 -6.366462912410497665e-12
1.332581155193657651e+03 -2.728484105318784714e-12
1.332531260676297961e+03 9.094947017729282379e-13
1.332481366158938272e+03 4.547473508864641190e-12
1.332431471641578582e+03 9.094947017729282379e-12
1.332381577124218893e+03 1.182343112304806709e-11
1.332331682606859431e+03 1.364242052659392357e-11
1.332281788089499742e+03 1.455191522836685181e-11
1.332231893572140052e+03 1.546140993013978004e-11
1.332181999054780363e+03 1.546140993013978004e-11
1.332132104537420673e+03 1.455191522836685181e-11
1.332082210020060984e+03 1.364242052659392357e-11
1.332032315502701294e+03 1.182343112304806709e-11
1.331982420985341605e+03 9.094947017729282379e-12
1.331932526467981916e+03 6.366462912410497665e-12
1.331882631950622226e+03 3.637978807091712952e-12
1.331832737433262537e+03 9.094947017729282379e-13
1.331782842915903075e+03 -1.818989403545856476e-12
1.331732948398543385e+03 -5.456968210637569427e-12
1.331683053881183696e+03 -8.185452315956354141e-12
1.331633159363824007e+03 -1.273292582482099533e-11
1.331583264846464317e+03 -1.546140993013978004e-11
1.331533370329104628e+03 -1.818989403545856476e-11
1.331483475811744938e+03 -2.000888343900442123e-11
1.331433581294385249e+03 -2.273736754432320595e-11
1.331383686777025559e+03 -2.455635694786906242e-11
1.331333792259665870e+03 -2.546585164964199066e-11
1.331283897742306408e+03 -2.819433575496077538e-11
1.331234003224946719e+03 -3.001332515850663185e-11
1.331184108707587029e+03 -3.092281986027956009e-11
1.331134214190227340e+03 -3.274180926382541656e-11
1.331084319672867650e+03 -3.274180926382541656e-11
1.331034425155507961e+03 -3.274180926382541656e-11
1.330984530638148271e+03 -3.274180926382541656e-11
1.330934636120788582e+03 -3.274180926382541656e-11
1.330884741603428893e+03 -3.274180926382541656e-11
1.330834847086069203e+03 -3.092281986027956009e-11
1.330784952568709514e+03 -3.001332515850663185e-11
1.330735058051350052e+03 -2.728484105318784714e-11
1.330685163533990362e+03 -2.546585164964199066e-11
1.330635269016630673e+03 -2.182787284255027771e-11
1.330585374499270984e+03 -1.818989403545856476e-11
1.330535479981911294e+03 -1.455191522836685181e-11
1.330485585464551605e+03 -1.000444171950221062e-11
1.330435690947191915e+03 -4.547473508864641190e-12
1.330385796429832226e+03 1.818989403545856476e-12
1.330335901912472536e+03 8.185452315956354141e-12
1.330286007395112847e+03 1.455191522836685181e-11
1.330236112877753158e+03 2.182787284255027771e-11
1.330186218360393696e+03 2.910383045673370361e-11
1.330136323843034006e+03 3.819877747446298599e-11
1.330086429325674317e+03 4.638422979041934013e-11
1.330036534808314627e+03 5.456968210637569427e-11
1.329986640290954938e+03 6.457412382587790489e-11
1.329936745773595248e+03 7.185008144006133080e-11
1.329886851256235559e+03 8.094502845779061317e-11
1.329836956738875870e+03 8.822098607197403908e-11
1.329787062221516180e+03 9.458744898438453674e-11
1.329737167704156491e+03 1.018634065985679626e-10
1.329687273186796801e+03 1.073203748092055321e-10
1.329637378669437339e+03 1.118678483180701733e-10
1.329587484152077650e+03 1.155058271251618862e-10
1.329537589634717961e+03 1.173248165287077427e-10
1.329487695117358271e+03 1.173248165287077427e-10
1.329437800599998582e+03 1.145963324233889580e-10
1.329387906082638892e+03 1.091393642127513885e-10
1.329338011565279203e+03 1.018634065985679626e-10
1.329288117047919513e+03 9.185896487906575203e-11
1.329238222530559824e+03 8.094502845779061317e-11
1.329188328013200135e+03 6.821210263296961784e-11
1.329138433495840445e+03 5.366018740460276604e-11
1.329088538978480983e+03 3.547029336914420128e-11
1.329038644461121294e+03 1.728039933368563652e-11
1.328988749943761604e+03 -1.818989403545856476e-12
1.328938855426401915e+03 -2.273736754432320595e-11
1.328888960909042225e+03 -4.365574568510055542e-11
1.328839066391682536e+03 -6.730260793119668961e-11
1.328789171874322847e+03 -8.913048077374696732e-11
1.328739277356963157e+03 -1.091393642127513885e-10
1.328689382839603468e+03 -1.300577423535287380e-10
1.328639488322243778e+03 -1.500666257925331593e-10
1.328589593804884089e+03 -1.682565198279917240e-10
1.328539699287524627e+03 -1.855369191616773605e-10
1.328489804770164938e+03 -2.000888343900442123e-10
1.328439910252805248e+03 -2.128217602148652077e-10
1.328390015735445559e+03 -2.228262019343674183e-10
1.328340121218085869e+03 -2.310116542503237724e-10
1.328290226700726180e+03 -2.355591277591884136e-10
1.328240332183366490e+03 -2.373781171627342701e-10
1.328190437666006801e+03 -2.355591277591884136e-10
1.328140543148647112e+03 -2.301021595485508442e-10
1.328090648631287422e+03 -2.228262019343674183e-10
1.328040754113927733e+03 -2.110027708113193512e-10
1.327990859596568271e+03 -1.955413608811795712e-10
1.327940965079208581e+03 -1.773514668457210064e-10
1.327891070561848892e+03 -1.573425834067165852e-10
1.327841176044489202e+03 -1.327862264588475227e-10
1.327791281527129513e+03 -1.073203748092055321e-10
1.327741387009769824e+03 -7.548806024715304375e-11
1.327691492492410134e+03 -4.365574568510055542e-11
1.327641597975050445e+03 -1.000444171950221062e-11
1.327591703457690755e+03 2.728484105318784714e-11
1.327541808940331066e+03 6.548361852765083313e-11
1.327491914422971377e+03 1.055013854056596756e-10
1.327442019905611915e+03 1.464286469854414463e-10
1.327392125388252225e+03 1.873559085652232170e-10
1.327342230870892536e+03 2.310116542503237724e-10
1.327292336353532846e+03 2.773958840407431126e-10
1.327242441836173157e+03 3.219611244276165962e-10
1.327192547318813467e+03 3.628883860073983669e-10
1.327142652801453778e+03 4.065441316924989223e-10
1.327092758284094089e+03 4.501998773775994778e-10
1.327042863766734399e+03 4.911271389573812485e-10
1.326992969249374710e+03 5.320544005371630192e-10
1.326943074732015020e+03 5.666151992045342922e-10
1.326893180214655558e+03 5.984475137665867805e-10
1.326843285697295869e+03 6.266418495215475559e-10
1.326793391179936179e+03 6.511982064694166183e-10
1.326743496662576490e+03 6.684786058031022549e-10
1.326693602145216801e+03 6.784830475226044655e-10
1.326643707627857111e+03 6.830305210314691067e-10
1.326593813110497422e+03 6.784830475226044655e-10
1.326543918593137732e+03 6.675691111013293266e-10
1.326494024075778043e+03 6.475602276623249054e-10
1.326444129558418354e+03 6.184563972055912018e-10
1.326394235041058664e+03 5.811671144329011440e-10
1.326344340523699202e+03 5.366018740460276604e-10
1.326294446006339513e+03 4.838511813431978226e-10
1.326244551488979823e+03 4.247340257279574871e-10
1.326194656971620134e+03 3.592504072003066540e-10
1.326144762454260444e+03 2.864908310584723949e-10
1.326094867936900755e+03 2.091837814077734947e-10
1.326044973419541066e+03 1.300577423535287380e-10
1.325995078902181376e+03 4.911271389573812485e-11
1.325945184384821687e+03 -3.274180926382541656e-11
1.325895289867461997e+03 -1.145963324233889580e-10
1.325845395350102308e+03 -1.937223714776337147e-10
1.325795500832742846e+03 -2.701199264265596867e-10
1.325745606315383156e+03 -3.437889972701668739e-10
1.325695711798023467e+03 -4.120010999031364918e-10
1.325645817280663778e+03 -4.738467396236956120e-10
1.325595922763304088e+03 -5.256879376247525215e-10
1.325546028245944399e+03 -5.738911568187177181e-10
1.325496133728584709e+03 -6.166374078020453453e-10
1.325446239211225020e+03 -6.493792170658707619e-10
1.325396344693865331e+03 -6.730260793119668961e-10
1.325346450176505641e+03 -6.884874892421066761e-10
1.325296555659146179e+03 -6.975824362598359585e-10
1.325246661141786490e+03 -6.994014256633818150e-10
1.325196766624426800e+03 -6.921254680491983891e-10
1.325146872107067111e+03 -6.812115316279232502e-10
1.325096977589707421e+03 -6.639311322942376137e-10
1.325047083072347732e+03 -6.411937647499144077e-10
1.324997188554988043e+03 -6.139089236967265606e-10
1.324947294037628353e+03 -5.829861038364470005e-10
1.324897399520268664e+03 -5.493347998708486557e-10
1.324847505002908974e+03 -5.138645065017044544e-10
1.324797610485549285e+03 -4.774847184307873249e-10
1.324747715968189823e+03 -4.392859409563243389e-10
1.324697821450830133e+03 -4.010871634818613529e-10
1.324647926933470444e+03 -3.637978807091712952e-10
1.324598032416110755e+03 -3.265085979364812374e-10
1.324548137898751065e+03 -2.901288098655641079e-10
1.324498243381391376e+03 -2.546585164964199066e-10
1.324448348864031686e+03 -2.200977178290486336e-10
1.324398454346671997e+03 -1.882654032669961452e-10
1.324348559829312308e+03 -1.573425834067165852e-10
1.324298665311952618e+03 -1.273292582482099533e-10
1.324248770794592929e+03 -1.000444171950221062e-10
1.324198876277233467e+03 -7.457856554538011551e-11
1.324148981759873777e+03 -4.820321919396519661e-11
1.324099087242514088e+03 -2.455635694786906242e-11
1.324049192725154398e+03 -2.728484105318784714e-12
1.323999298207794709e+03 1.818989403545856476e-11
1.323949403690435020e+03 3.728928277269005775e-11
1.323899509173075330e+03 5.729816621169447899e-11
1.323849614655715641e+03 7.366907084360718727e-11
1.323799720138355951e+03 8.731149137020111084e-11
1.323749825620996262e+03 1.018634065985679626e-10
1.323699931103636573e+03 1.145963324233889580e-10
1.323650036586277110e+03 1.273292582482099533e-10
1.323600142068917421e+03 1.373336999677121639e-10
1.323550247551557732e+03 1.464286469854414463e-10
1.323500353034198042e+03 1.546140993013978004e-10
1.323450458516838353e+03 1.609805622138082981e-10
1.323400563999478663e+03 1.646185410209000111e-10
1.323350669482118974e+03 1.673470251262187958e-10
1.323300774964759285e+03 1.691660145297646523e-10
1.323250880447399595e+03 1.718944986350834370e-10
1.323200985930039906e+03 1.728039933368563652e-10
1.323151091412680216e+03 1.728039933368563652e-10
1.323101196895320754e+03 1.718944986350834370e-10
1.323051302377961065e+03 1.700755092315375805e-10
1.323001407860601375e+03 1.691660145297646523e-10
1.322951513343241686e+03 1.664375304244458675e-10
1.322901618825881997e+03 1.646185410209000111e-10
1.322851724308522307e+03 1.600710675120353699e-10
1.322801829791162618e+03 1.555235940031707287e-10
1.322751935273802928e+03 1.500666257925331593e-10
1.322702040756443239e+03 1.455191522836685181e-10
1.322652146239083550e+03 1.400621840730309486e-10
1.322602251721723860e+03 1.346052158623933792e-10
1.322552357204364398e+03 1.300577423535287380e-10
1.322502462687004709e+03 1.255102688446640968e-10
1.322452568169645019e+03 1.209627953357994556e-10
1.322402673652285330e+03 1.155058271251618862e-10
1.322352779134925640e+03 1.091393642127513885e-10
1.322302884617565951e+03 1.036823960021138191e-10
1.322252990100206262e+03 9.822542779147624969e-11
1.322203095582846572e+03 9.276845958083868027e-11
1.322153201065486883e+03 8.731149137020111084e-11
1.322103306548127193e+03 8.094502845779061317e-11
1.322053412030767504e+03 7.548806024715304375e-11
1.322003517513408042e+03 7.094058673828840256e-11
1.321953622996048352e+03 6.548361852765083313e-11
1.321903728478688663e+03 6.002665031701326370e-11
1.321853833961328974e+03 5.456968210637569427e-11
1.321803939443969284e+03 5.093170329928398132e-11
1.321754044926609595e+03 4.729372449219226837e-11
1.321704150409249905e+03 4.274625098332762718e-11
1.321654255891890216e+03 3.910827217623591423e-11
1.321604361374530527e+03 3.456079866737127304e-11
1.321554466857170837e+03 3.092281986027956009e-11
1.321504572339811148e+03 2.728484105318784714e-11
1.321454677822451686e+03 2.273736754432320595e-11
1.321404783305091996e+03 1.909938873723149300e-11
1.321354888787732307e+03 1.455191522836685181e-11
1.321304994270372617e+03 1.182343112304806709e-11
1.321255099753012928e+03 9.094947017729282379e-12
1.321205205235653239e+03 6.366462912410497665e-12
1.321155310718293549e+03 4.547473508864641190e-12
1.321105416200933860e+03 1.818989403545856476e-12
1.321055521683574170e+03 0.000000000000000000e+00
1.321005627166214481e+03 -2.728484105318784714e-12
1.320955732648854791e+03 -3.637978807091712952e-12
1.320905838131495329e+03 -5.456968210637569427e-12
1.320855943614135640e+03 -7.275957614183425903e-12
1.320806049096775951e+03 -8.185452315956354141e-12
1.320756154579416261e+03 -1.000444171950221062e-11
1.320706260062056572e+03 -1.182343112304806709e-11
1.320656365544696882e+03 -1.273292582482099533e-11
1.320606471027337193e+03 -1.546140993013978004e-11
1.320556576509977504e+03 -1.637090463191270828e-11
1.320506681992617814e+03 -1.818989403545856476e-11
1.320456787475258125e+03 -1.818989403545856476e-11
1.320406892957898435e+03 -1.818989403545856476e-11
1.320356998440538973e+03 -1.818989403545856476e-11
1.320307103923179284e+03 -1.818989403545856476e-11
1.320257209405819594e+03 -1.818989403545856476e-11
1.320207314888459905e+03 -1.818989403545856476e-11
1.320157420371100216e+03 -1.818989403545856476e-11
1.320107525853740526e+03 -1.818989403545856476e-11
1.320057631336380837e+03 -1.818989403545856476e-11
1.320007736819021147e+03 -1.818989403545856476e-11
1.319957842301661458e+03 -1.818989403545856476e-11
1.319907947784301768e+03 -1.818989403545856476e-11
1.319858053266942079e+03 -1.818989403545856476e-11
1.319808158749582617e+03 -1.637090463191270828e-11
1.319758264232222928e+03 -1.546140993013978004e-11
1.319708369714863238e+03 -1.455191522836685181e-11
1.319658475197503549e+03 -1.364242052659392357e-11
1.319608580680143859e+03 -1.364242052659392357e-11
1.319558686162784170e+03 -1.273292582482099533e-11
1.319508791645424481e+03 -1.273292582482099533e-11
1.319458897128064791e+03 -1.091393642127513885e-11
1.319409002610705102e+03 -1.000444171950221062e-11
1.319359108093345412e+03 -9.094947017729282379e-12
1.319309213575985950e+03 -8.185452315956354141e-12
1.319259319058626261e+03 -7.275957614183425903e-12
1.319209424541266571e+03 -5.456968210637569427e-12
1.319159530023906882e+03 -4.547473508864641190e-12
1.319109635506547193e+03 -3.637978807091712952e-12
1.319059740989187503e+03 -2.728484105318784714e-12
1.319009846471827814e+03 -2.728484105318784714e-12
1.318959951954468124e+03 -1.818989403545856476e-12
1.318910057437108435e+03 -9.094947017729282379e-13
1.318860162919748745e+03 0.000000000000000000e+00
1.318810268402389056e+03 9.094947017729282379e-13
1.318760373885029594e+03 1.818989403545856476e-12
1.318710479367669905e+03 1.818989403545856476e-12
1.318660584850310215e+03 1.818989403545856476e-12
1.318610690332950526e+03 1.818989403545856476e-12
1.318560795815590836e+03 2.728484105318784714e-12
1.318510901298231147e+03 2.728484105318784714e-12
1.318461006780871458e+03 2.728484105318784714e-12
1.318411112263511768e+03 3.637978807091712952e-12
1.318361217746152079e+03 4.547473508864641190e-12
1.318311323228792389e+03 4.547473508864641190e-12
1.318261428711432700e+03 4.547473508864641190e-12
1.318211534194073238e+03 3.637978807091712952e-12
1.318161639676713548e+03 2.728484105318784714e-12
1.318111745159353859e+03 1.818989403545856476e-12
1.318061850641994170e+03 9.094947017729282379e-13
1.318011956124634480e+03 0.000000000000000000e+00
1.317962061607274791e+03 0.000000000000000000e+00
1.317912167089915101e+03 0.000000000000000000e+00
1.317862272572555412e+03 0.000000000000000000e+00
1.317812378055195722e+03 -9.094947017729282379e-13
1.317762483537836033e+03 -1.818989403545856476e-12
1.317712589020476344e+03 -2.728484105318784714e-12
1.317662694503116882e+03 -3.637978807091712952e-12
1.317612799985757192e+03 -4.547473508864641190e-12
1.317562905468397503e+03 -5.456968210637569427e-12
1.317513010951037813e+03 -5.456968210637569427e-12
1.317463116433678124e+03 -6.366462912410497665e-12
1.317413221916318435e+03 -7.275957614183425903e-12
1.317363327398958745e+03 -7.275957614183425903e-12
1.317313432881599056e+03 -7.275957614183425903e-12
1.317263538364239366e+03 -7.275957614183425903e-12
1.317213643846879677e+03 -7.275957614183425903e-12
1.317163749329519987e+03 -8.185452315956354141e-12
1.317113854812160525e+03 -8.185452315956354141e-12
1.317063960294800836e+03 -8.185452315956354141e-12
1.317014065777441147e+03 -8.185452315956354141e-12
1.316964171260081457e+03 -7.275957614183425903e-12
1.316914276742721768e+03 -5.456968210637569427e-12
1.316864382225362078e+03 -5.456968210637569427e-12
1.316814487708002389e+03 -4.547473508864641190e-12
1.316764593190642699e+03 -4.547473508864641190e-12
1.316714698673283010e+03 -4.547473508864641190e-12
1.316664804155923321e+03 -5.456968210637569427e-12
1.316614909638563631e+03 -5.456968210637569427e-12
1.316565015121204169e+03 -4.547473508864641190e-12
1.316515120603844480e+03 -4.547473508864641190e-12
1.316465226086484790e+03 -3.637978807091712952e-12
1.316415331569125101e+03 -2.728484105318784714e-12
1.316365437051765412e+03 -2.728484105318784714e-12
1.316315542534405722e+03 -1.818989403545856476e-12
1.316265648017046033e+03 -9.094947017729282379e-13
1.316215753499686343e+03 -9.094947017729282379e-13
1.316165858982326654e+03 -9.094947017729282379e-13
1.316115964464966964e+03 -1.818989403545856476e-12
1.316066069947607275e+03 -1.818989403545856476e-12
1.316016175430247813e+03 -1.818989403545856476e-12
1.315966280912888124e+03 -1.818989403545856476e-12
1.315916386395528434e+03 -9.094947017729282379e-13
1.315866491878168745e+03 0.000000000000000000e+00
1.315816597360809055e+03 0.000000000000000000e+00
1.315766702843449366e+03 0.000000000000000000e+00
1.315716808326089676e+03 9.094947017729282379e-13
1.315666913808729987e+03 1.818989403545856476e-12
1.315617019291370298e+03 1.818989403545856476e-12
1.315567124774010608e+03 1.818989403545856476e-12
1.315517230256650919e+03 1.818989403545856476e-12
1.315467335739291457e+03 1.818989403545856476e-12
1.315417441221931767e+03 9.094947017729282379e-13
1.315367546704572078e+03 9.094947017729282379e-13
1.315317652187212389e+03 9.094947017729282379e-13
1.315267757669852699e+03 9.094947017729282379e-13
1.315217863152493010e+03 9.094947017729282379e-13
1.315167968635133320e+03 9.094947017729282379e-13
1.315118074117773631e+03 9.094947017729282379e-13
1.315068179600413941e+03 9.094947017729282379e-13
1.315018285083054252e+03 9.094947017729282379e-13
1.314968390565694563e+03 9.094947017729282379e-13
1.314918496048335101e+03 9.094947017729282379e-13
1.314868601530975411e+03 0.000000000000000000e+00
1.314818707013615722e+03 9.094947017729282379e-13
1.314768812496256032e+03 9.094947017729282379e-13
1.314718917978896343e+03 9.094947017729282379e-13
1.314669023461536653e+03 9.094947017729282379e-13
1.314619128944176964e+03 0.000000000000000000e+00
1.314569234426817275e+03 0.000000000000000000e+00
1.314519339909457585e+03 0.000000000000000000e+00
1.314469445392097896e+03 0.000000000000000000e+00
1.314419550874738206e+03 0.000000000000000000e+00
1.314369656357378744e+03 -9.094947017729282379e-13
1.314319761840019055e+03 -9.094947017729282379e-13
1.314269867322659366e+03 -9.094947017729282379e-13
1.314219972805299676e+03 -9.094947017729282379e-13
1.314170078287939987e+03 -9.094947017729282379e-13
1.314120183770580297e+03 -9.094947017729282379e-13
1.314070289253220608e+03 -9.094947017729282379e-13
1.314020394735860918e+03 -9.094947017729282379e-13
1.313970500218501229e+03 0.000000000000000000e+00
1.313920605701141540e+03 0.000000000000000000e+00
1.313870711183782078e+03 0.000000000000000000e+00
1.313820816666422388e+03 -9.094947017729282379e-13
1.313770922149062699e+03 -1.818989403545856476e-12
1.313721027631703009e+03 -9.094947017729282379e-13
1.313671133114343320e+03 -9.094947017729282379e-13
1.313621238596983630e+03 -9.094947017729282379e-13
1.313571344079623941e+03 0.000000000000000000e+00
1.313521449562264252e+03 0.000000000000000000e+00
1.313471555044904562e+03 0.000000000000000000e+00
1.313421660527544873e+03 0.000000000000000000e+00
1.313371766010185183e+03 -9.094947017729282379e-13
1.313321871492825721e+03 -9.094947017729282379e-13
1.313271976975466032e+03 -9.094947017729282379e-13
1.313222082458106343e+03 -1.818989403545856476e-12
1.313172187940746653e+03 -1.818989403545856476e-12
1.313122293423386964e+03 -1.818989403545856476e-12
1.313072398906027274e+03 -9.094947017729282379e-13
1.313022504388667585e+03 -9.094947017729282379e-13
1.312972609871307895e+03 -9.094947017729282379e-13
1.312922715353948206e+03 -9.094947017729282379e-13
1.312872820836588517e+03 -1.818989403545856476e-12
1.312822926319228827e+03 -1.818989403545856476e-12
1.312773031801869365e+03 -2.728484105318784714e-12
1.312723137284509676e+03 -2.728484105318784714e-12
1.312673242767149986e+03 -2.728484105318784714e-12
1.312623348249790297e+03 -2.728484105318784714e-12
1.312573453732430607e+03 -1.818989403545856476e-12
1.312523559215070918e+03 -9.094947017729282379e-13
1.312473664697711229e+03 0.000000000000000000e+00
1.312423770180351539e+03 0.000000000000000000e+00
1.312373875662991850e+03 -9.094947017729282379e-13
1.312323981145632160e+03 -1.818989403545856476e-12
1.312274086628272471e+03 -1.818989403545856476e-12
1.312224192110913009e+03 -1.818989403545856476e-12
1.312174297593553320e+03 -2.728484105318784714e-12
1.312124403076193630e+03 -2.728484105318784714e-12
1.312074508558833941e+03 -3.637978807091712952e-12
1.312024614041474251e+03 -3.637978807091712952e-12
1.311974719524114562e+03 -3.637978807091712952e-12
1.311924825006754872e+03 -3.637978807091712952e-12
1.311874930489395183e+03 -2.728484105318784714e-12
1.311825035972035494e+03 -2.728484105318784714e-12
1.311775141454675804e+03 -1.818989403545856476e-12
1.311725246937316115e+03 -9.094947017729282379e-13
1.311675352419956653e+03 -9.094947017729282379e-13
1.311625457902596963e+03 -9.094947017729282379e-13
1.311575563385237274e+03 -9.094947017729282379e-13
1.311525668867877584e+03 -1.818989403545856476e-12
1.311475774350517895e+03 -1.818989403545856476e-12
1.311425879833158206e+03 -1.818989403545856476e-12
1.311375985315798516e+03 -1.818989403545856476e-12
1.311326090798438827e+03 -9.094947017729282379e-13
1.311276196281079137e+03 -1.818989403545856476e-12
1.311226301763719448e+03 -1.818989403545856476e-12
1.311176407246359759e+03 -1.818989403545856476e-12
1.311126512729000297e+03 -9.094947017729282379e-13
1.311076618211640607e+03 -9.094947017729282379e-13
1.311026723694280918e+03 0.000000000000000000e+00
1.310976829176921228e+03 0.000000000000000000e+00
1.310926934659561539e+03 9.094947017729282379e-13
1.310877040142201849e+03 0.000000000000000000e+00
1.310827145624842160e+03 0.000000000000000000e+00
1.310777251107482471e+03 0.000000000000000000e+00
1.310727356590122781e+03 0.000000000000000000e+00
1.310677462072763092e+03 0.000000000000000000e+00
1.310627567555403402e+03 0.000000000000000000e+00
1.310577673038043940e+03 0.000000000000000000e+00
1.310527778520684251e+03 9.094947017729282379e-13
1.310477884003324561e+03 9.094947017729282379e-13
1.310427989485964872e+03 9.094947017729282379e-13
1.310378094968605183e+03 9.094947017729282379e-13
1.310328200451245493e+03 0.000000000000000000e+00
1.310278305933885804e+03 0.000000000000000000e+00
1.310228411416526114e+03 0.000000000000000000e+00
1.310178516899166425e+03 9.094947017729282379e-13
1.310128622381806736e+03 9.094947017729282379e-13
1.310078727864447046e+03 9.094947017729282379e-13
1.310028833347087584e+03 9.094947017729282379e-13
1.309978938829727895e+03 1.818989403545856476e-12
1.309929044312368205e+03 1.818989403545856476e-12
1.309879149795008516e+03 1.818989403545856476e-12
1.309829255277648826e+03 1.818989403545856476e-12
1.309779360760289137e+03 1.818989403545856476e-12
1.309729466242929448e+03 1.818989403545856476e-12
1.309679571725569758e+03 1.818989403545856476e-12
1.309629677208210069e+03 1.818989403545856476e-12
1.309579782690850379e+03 1.818989403545856476e-12
1.309529888173490690e+03 1.818989403545856476e-12
1.309479993656131228e+03 1.818989403545856476e-12
1.309430099138771538e+03 1.818989403545856476e-12
1.309380204621411849e+03 1.818989403545856476e-12
1.309330310104052160e+03 9.094947017729282379e-13
1.309280415586692470e+03 9.094947017729282379e-13
1.309230521069332781e+03 0.000000000000000000e+00
1.309180626551973091e+03 0.000000000000000000e+00
1.309130732034613402e+03 9.094947017729282379e-13
1.309080837517253713e+03 9.094947017729282379e-13
1.309030942999894023e+03 9.094947017729282379e-13
1.308981048482534334e+03 9.094947017729282379e-13
1.308931153965174872e+03 1.818989403545856476e-12
1.308881259447815182e+03 9.094947017729282379e-13
1.308831364930455493e+03 9.094947017729282379e-13
1.308781470413095803e+03 9.094947017729282379e-13
1.308731575895736114e+03 0.000000000000000000e+00
1.308681681378376425e+03 0.000000000000000000e+00
1.308631786861016735e+03 9.094947017729282379e-13
1.308581892343657046e+03 9.094947017729282379e-13
1.308531997826297356e+03 1.818989403545856476e-12
1.308482103308937667e+03 1.818989403545856476e-12
1.308432208791577978e+03 1.818989403545856476e-12
1.308382314274218515e+03 1.818989403545856476e-12
1.308332419756858826e+03 1.818989403545856476e-12
1.308282525239499137e+03 1.818989403545856476e-12
1.308232630722139447e+03 1.818989403545856476e-12
1.308182736204779758e+03 1.818989403545856476e-12
1.308132841687420068e+03 9.094947017729282379e-13
1.308082947170060379e+03 9.094947017729282379e-13
1.308033052652700690e+03 0.000000000000000000e+00
1.307983158135341000e+03 0.000000000000000000e+00
1.307933263617981311e+03 0.000000000000000000e+00
1.307883369100621849e+03 9.094947017729282379e-13
1.307833474583262159e+03 9.094947017729282379e-13
1.307783580065902470e+03 1.818989403545856476e-12
1.307733685548542780e+03 1.818989403545856476e-12
1.307683791031183091e+03 1.818989403545856476e-12
1.307633896513823402e+03 1.818989403545856476e-12
1.307584001996463712e+03 1.818989403545856476e-12
1.307534107479104023e+03 1.818989403545856476e-12
1.307484212961744333e+03 1.818989403545856476e-12
1.307434318444384644e+03 1.818989403545856476e-12
1.307384423927024955e+03 1.818989403545856476e-12
1.307334529409665492e+03 1.818989403545856476e-12
1.307284634892305803e+03 1.818989403545856476e-12
1.307234740374946114e+03 1.818989403545856476e-12
1.307184845857586424e+03 1.818989403545856476e-12
1.307134951340226735e+03 1.818989403545856476e-12
1.307085056822867045e+03 1.818989403545856476e-12
1.307035162305507356e+03 2.728484105318784714e-12
1.306985267788147667e+03 2.728484105318784714e-12
1.306935373270787977e+03 3.637978807091712952e-12
1.306885478753428288e+03 2.728484105318784714e-12
1.306835584236068598e+03 2.728484105318784714e-12
1.306785689718709136e+03 2.728484105318784714e-12
1.306735795201349447e+03 1.818989403545856476e-12
1.306685900683989757e+03 1.818989403545856476e-12
1.306636006166630068e+03 1.818989403545856476e-12
1.306586111649270379e+03 1.818989403545856476e-12
1.306536217131910689e+03 1.818989403545856476e-12
1.306486322614551000e+03 1.818989403545856476e-12
1.306436428097191310e+03 1.818989403545856476e-12
1.306386533579831621e+03 9.094947017729282379e-13
1.306336639062471932e+03 1.818989403545856476e-12
1.306286744545112242e+03 1.818989403545856476e-12
1.306236850027752780e+03 1.818989403545856476e-12
1.306186955510393091e+03 1.818989403545856476e-12
1.306137060993033401e+03 1.818989403545856476e-12
1.306087166475673712e+03 1.818989403545856476e-12
1.306037271958314022e+03 1.818989403545856476e-12
1.305987377440954333e+03 1.818989403545856476e-12
1.305937482923594644e+03 9.094947017729282379e-13
1.305887588406234954e+03 9.094947017729282379e-13
1.305837693888875265e+03 9.094947017729282379e-13
1.305787799371515575e+03 9.094947017729282379e-13
1.305737904854155886e+03 9.094947017729282379e-13
1.305688010336796424e+03 0.000000000000000000e+00
1.305638115819436734e+03 0.000000000000000000e+00
1.305588221302077045e+03 0.000000000000000000e+00
1.305538326784717356e+03 0.000000000000000000e+00
1.305488432267357666e+03 0.000000000000000000e+00
1.305438537749997977e+03 0.000000000000000000e+00
1.305388643232638287e+03 0.000000000000000000e+00
1.305338748715278598e+03 0.000000000000000000e+00
1.305288854197918909e+03 0.000000000000000000e+00
1.305238959680559219e+03 0.000000000000000000e+00
1.305189065163199530e+03 0.000000000000000000e+00
1.305139170645840068e+03 0.000000000000000000e+00
1.305089276128480378e+03 0.000000000000000000e+00
1.305039381611120689e+03 0.000000000000000000e+00
1.304989487093760999e+03 0.000000000000000000e+00
1.304939592576401310e+03 0.000000000000000000e+00
1.304889698059041621e+03 0.000000000000000000e+00
1.304839803541681931e+03 9.094947017729282379e-13
1.304789909024322242e+03 9.094947017729282379e-13
1.304740014506962552e+03 9.094947017729282379e-13
1.304690119989602863e+03 9.094947017729282379e-13
1.304640225472243173e+03 0.000000000000000000e+00
1.304590330954883711e+03 0.000000000000000000e+00
1.304540436437524022e+03 0.000000000000000000e+00
1.304490541920164333e+03 0.000000000000000000e+00
1.304440647402804643e+03 0.000000000000000000e+00
1.304390752885444954e+03 9.094947017729282379e-13
1.304340858368085264e+03 9.094947017729282379e-13
1.304290963850725575e+03 9.094947017729282379e-13
1.304241069333365886e+03 9.094947017729282379e-13
1.304191174816006196e+03 9.094947017729282379e-13
1.304141280298646507e+03 9.094947017729282379e-13
1.304091385781286817e+03 9.094947017729282379e-13
1.304041491263927355e+03 9.094947017729282379e-13
1.303991596746567666e+03 9.094947017729282379e-13
1.303941702229207976e+03 9.094947017729282379e-13
1.303891807711848287e+03 0.000000000000000000e+00
1.303841913194488598e+03 0.000000000000000000e+00
1.303792018677128908e+03 0.000000000000000000e+00
1.303742124159769219e+03 0.000000000000000000e+00
1.303692229642409529e+03 0.000000000000000000e+00
1.303642335125049840e+03 0.000000000000000000e+00
1.303592440607690151e+03 0.000000000000000000e+00
1.303542546090330461e+03 0.000000000000000000e+00
1.303492651572970999e+03 0.000000000000000000e+00
1.303442757055611310e+03 0.000000000000000000e+00
1.303392862538251620e+03 0.000000000000000000e+00
1.303342968020891931e+03 0.000000000000000000e+00
1.303293073503532241e+03 0.000000000000000000e+00
1.303243178986172552e+03 0.000000000000000000e+00
1.303193284468812863e+03 0.000000000000000000e+00
1.303143389951453173e+03 0.000000000000000000e+00
1.303093495434093484e+03 0.000000000000000000e+00
1.303043600916733794e+03 0.000000000000000000e+00
1.302993706399374105e+03 0.000000000000000000e+00
1.302943811882014643e+03 0.000000000000000000e+00
1.302893917364654953e+03 0.000000000000000000e+00
1.302844022847295264e+03 9.094947017729282379e-13
1.302794128329935575e+03 1.818989403545856476e-12
1.302744233812575885e+03 1.818989403545856476e-12
1.302694339295216196e+03 1.818989403545856476e-12
1.302644444777856506e+03 1.818989403545856476e-12
1.302594550260496817e+03 2.728484105318784714e-12
1.302544655743137128e+03 2.728484105318784714e-12
1.302494761225777438e+03 2.728484105318784714e-12
1.302444866708417749e+03 2.728484105318784714e-12
1.302394972191058287e+03 2.728484105318784714e-12
1.302345077673698597e+03 3.637978807091712952e-12
1.302295183156338908e+03 4.547473508864641190e-12
1.302245288638979218e+03 4.547473508864641190e-12
1.302195394121619529e+03 4.547473508864641190e-12
1.302145499604259840e+03 4.547473508864641190e-12
1.302095605086900150e+03 4.547473508864641190e-12
1.302045710569540461e+03 4.547473508864641190e-12
1.301995816052180771e+03 4.547473508864641190e-12
1.301945921534821082e+03 5.456968210637569427e-12
1.301896027017461620e+03 4.547473508864641190e-12
1.301846132500101930e+03 4.547473508864641190e-12
1.301796237982742241e+03 4.547473508864641190e-12
1.301746343465382552e+03 4.547473508864641190e-12
1.301696448948022862e+03 4.547473508864641190e-12
1.301646554430663173e+03 3.637978807091712952e-12
1.301596659913303483e+03 2.728484105318784714e-12
1.301546765395943794e+03 2.728484105318784714e-12
1.301496870878584105e+03 1.818989403545856476e-12
1.301446976361224415e+03 1.818989403545856476e-12
1.301397081843864726e+03 1.818989403545856476e-12
1.301347187326505264e+03 9.094947017729282379e-13
1.301297292809145574e+03 9.094947017729282379e-13
1.301247398291785885e+03 0.000000000000000000e+00
1.301197503774426195e+03 -9.094947017729282379e-13
1.301147609257066506e+03 -1.818989403545856476e-12
1.301097714739706817e+03 -2.728484105318784714e-12
1.301047820222347127e+03 -2.728484105318784714e-12
1.300997925704987438e+03 -4.547473508864641190e-12
1.300948031187627748e+03 -5.456968210637569427e-12
1.300898136670268059e+03 -5.456968210637569427e-12
1.300848242152908369e+03 -5.456968210637569427e-12
1.300798347635548907e+03 -5.456968210637569427e-12
1.300748453118189218e+03 -6.366462912410497665e-12
1.300698558600829529e+03 -7.275957614183425903e-12
1.300648664083469839e+03 -7.275957614183425903e-12
1.300598769566110150e+03 -8.185452315956354141e-12
1.300548875048750460e+03 -8.185452315956354141e-12
1.300498980531390771e+03 -8.185452315956354141e-12
1.300449086014031082e+03 -9.094947017729282379e-12
1.300399191496671392e+03 -1.000444171950221062e-11
1.300349296979311703e+03 -1.000444171950221062e-11
1.300299402461952013e+03 -9.094947017729282379e-12
1.300249507944592551e+03 -1.000444171950221062e-11
1.300199613427232862e+03 -1.000444171950221062e-11
1.300149718909873172e+03 -1.000444171950221062e-11
1.300099824392513483e+03 -9.094947017729282379e-12
1.300049929875153794e+03 -9.094947017729282379e-12
1.300000035357794104e+03 -8.185452315956354141e-12
